70.0
69.97005987930379
69.94011934286381
69.91017839084505
69.88023702341238
69.85029524073049
69.82035304296397
69.79041043027729
69.76046740283479
69.73052396080065
69.70058010433895
69.67063583361364
69.64069114878856
69.61074605002736
69.58080053749363
69.55085461135079
69.52090827176215
69.49096151889091
69.46101435290011
69.43106677395265
69.40111878221137
69.37117037783892
69.34122156099787
69.31127233185059
69.28132269055942
69.25137263728652
69.22142217219391
69.19147129544353
69.16152000719715
69.13156830761645
69.10161619686296
69.07166367509808
69.04171074248313
69.01175739917925
68.98180364534748
68.95184948114874
68.92189490674383
68.89193992229339
68.86198452795797
68.83202872389799
68.80207251027373
68.77211588724539
68.74215885497298
68.71220141361643
68.68224356333555
68.65228530429
68.62232663663934
68.592367560543
68.56240807616027
68.53244818365035
68.50248788317228
68.47252717488502
68.44256605894736
68.41260453551801
68.38264260475555
68.3526802668184
68.3227175218649
68.29275437005326
68.26279081154156
68.23282684648777
68.2028624750497
68.1728976973851
68.14293251365157
68.11296692400657
68.08300092860746
68.05303452761149
68.02306772117576
67.99310050945728
67.9631328926129
67.93316487079942
67.90319644417343
67.87322761289148
67.84325837710993
67.8132887369851
67.7833186926731
67.75334824433001
67.72337739211173
67.69340613617405
67.66343447667266
67.63346241376313
67.60348994760089
67.57351707834127
67.54354380613948
67.51357013115062
67.48359605352962
67.45362157343138
67.4236466910106
67.39367140642192
67.36369571981982
67.33371963135869
67.30374314119281
67.2737662494763
67.2437889563632
67.21381126200744
67.1838331665628
67.15385467018297
67.1238757730215
67.09389647523184
67.06391677696733
67.03393667838118
67.00395617962648
66.97397528085624
66.9439939822233
66.91401228388042
66.88403018598024
66.85404768867527
66.82406479211792
66.79408149646049
66.76409780185514
66.73411370845395
66.70412921640884
66.67414432587167
66.64415903699413
66.61417334992782
66.58418726482427
66.55420078183481
66.5242139011107
66.49422662280311
66.46423894706308
66.4342508740415
66.40426240388918
66.37427353675682
66.344284272795
66.31429461215419
66.28430455498471
66.25431410143685
66.2243232516607
66.19433200580629
66.1643403640235
66.13434832646215
66.1043558932719
66.07436306460232
66.04436984060285
66.01437622142285
65.98438220721154
65.95438779811805
65.92439299429135
65.89439779588037
65.86440220303389
65.83440621590057
65.80440983462897
65.77441305936753
65.74441589026463
65.71441832746848
65.68442037112716
65.65442202138874
65.62442327840107
65.59442414231196
65.56442461326908
65.53442469142
65.50442437691217
65.47442366989296
65.44442257050957
65.41442107890917
65.38441919523875
65.35441691964523
65.32441425227542
65.29441119327598
65.26440774279352
65.23440390097453
65.20439966796533
65.17439504391221
65.14439002896131
65.11438462325867
65.08437882695023
65.05437264018178
65.0243660630991
64.99435909584773
64.96435173857321
64.93434399142092
64.90433585453616
64.87432732806408
64.84431841214978
64.8143091069382
64.7842994125742
64.75428932920255
64.72427885696789
64.69426799601472
64.6642567464875
64.63424510853055
64.60423308228809
64.57422066790421
64.54420786552295
64.51419467528818
64.48418109734371
64.45416713183319
64.42415277890024
64.39413803868833
64.36412291134081
64.33410739700096
64.30409149581195
64.27407520791681
64.24405853345851
64.21404147257988
64.18402402542367
64.1540061921325
64.12398797284891
64.09396936771533
64.06395037687409
64.03393100046739
64.00391123863734
63.97389109152597
63.94387055927517
63.913849642026754
63.88382833992241
63.85380665310374
63.823784581712225
63.793762125889266
63.76373928577614
63.733716061514016
63.703692453244
63.673668461107056
63.64364408524405
63.61361932579576
63.58359418290284
63.55356865670588
63.52354274734533
63.49351645496155
63.4634897796948
63.43346272168523
63.4034352810729
63.373407457997764
63.343379252599675
63.31335066501839
63.28332169539354
63.25329234386468
63.223262610571254
63.19323249565261
63.16320199924799
63.13317112149653
63.10313986253729
63.07310822250919
63.043076201551074
63.01304379980169
62.983011017399676
62.95297785448357
62.922944311191806
62.89291038766273
62.86287608403457
62.83284140044548
62.80280633703349
62.77277089393654
62.74273507129247
62.71269886923903
62.68266228791384
62.65262532745446
62.62258798799832
62.59255026968278
62.56251217264507
62.532473697022354
62.502434842951644
62.472395610569926
62.44235600001403
62.41231601142072
62.38227564492664
62.352234900668336
62.32219377878229
62.29215227940483
62.26211040267225
62.232068148720685
62.202025517686224
62.17198250970482
62.14193912491234
62.11189536344457
62.08185122543718
62.05180671102575
62.02176182034576
61.99171655353259
61.96167091072154
61.93162489204778
61.90157849764642
61.87153172765246
61.84148458220079
61.811437061426226
61.781389165463466
61.751340894447125
61.72129224851172
61.69124322779168
61.66119383242132
61.63114406253487
61.60109391826646
61.571043399750124
61.54099250711981
61.51094124050937
61.48088960005255
61.450837585883
61.42078519813429
61.39073243693987
61.36067930243313
61.330625794747334
61.30057191401568
61.270517660371226
61.24046303394699
61.210408034875854
61.18035266329063
61.15029691932402
61.12024080310865
61.09018431477704
61.06012745446161
61.03007022229469
61.00001261840853
60.96995464293528
60.93989629600697
60.90983757775558
60.87977848831298
60.84971902781093
60.819659196381096
60.78959899415509
60.7595384212644
60.729477477840426
60.699416164014465
60.669354479917736
60.639292425681376
60.609230001436394
60.579167207313745
60.54910404344427
60.519040509958714
60.48897660698775
60.45891233466193
60.42884769311175
60.39878268246759
60.36871730285974
60.338651554418405
60.30858543727369
60.278518951555625
60.248452097394136
60.218384874919046
60.188317284260116
60.15824932554699
60.12818099890924
60.098112304476324
60.06804324237764
60.03797381274248
60.00790401570003
59.9778338513794
59.947763319909626
59.91769242141962
59.88762115603824
59.85754952389422
59.82747752511622
59.79740515983282
59.76733242817249
59.73725933026361
59.70718586623449
59.677112036213344
59.64703784032829
59.61696327870735
59.58688835147847
59.55681305876952
59.52673740070824
59.49666137742231
59.466584989039326
59.43650823568677
59.40643111749206
59.376353634582514
59.34627578708536
59.31619757512774
59.286118998836706
59.256040058339224
59.22596075376217
59.195881085232344
59.16580105287644
59.135720656821064
59.105639897192745
59.07555877411793
59.04547728772295
59.015395438134085
58.98531322547749
58.955230649879276
58.92514771146543
58.89506441036186
58.86498074669439
58.83489672058877
58.804812332170656
58.77472758156559
58.744642468899066
58.71455699429647
58.68447115788311
58.65438495978419
58.62429840012485
58.59421147903014
58.564124196625016
58.534036553034355
58.50394854838292
58.473860182795434
58.44377145639651
58.41368236931067
58.383592921662355
58.35350311357593
58.323412945175654
58.293322416585724
58.26323152793023
58.2331402793332
58.20304867091855
58.17295670281014
58.142864375131715
58.112771688006944
58.08267864155944
58.052585235912694
58.02249147119013
57.99239734751508
57.96230286501079
57.932208023800435
57.90211282400709
57.87201726575376
57.84192134916336
57.81182507435871
57.78172844146255
57.75163145059756
57.721534101886306
57.69143639545128
57.661338331414896
57.63123990989948
57.60114113102726
57.57104199492042
57.54094250170102
57.51084265149105
57.480742444412435
57.45064188058699
57.42054096013645
57.390439683182485
57.360338049846675
57.330236060250506
57.3001337145154
57.27003101276267
57.23992795511357
57.20982454168927
57.179720772610835
57.14961664799929
57.11951216797552
57.089407332660386
57.05930214217462
57.02919659663891
56.99909069617384
56.96898444089991
56.93887783093755
56.9087708664071
56.87866354742883
56.84855587412291
56.81844784660943
56.788339465008434
56.75823072943984
56.7281216400235
56.6980121968792
56.66790240012663
56.6377922498854
56.607681746275034
56.57757088941499
56.54745967942464
56.51734811642327
56.487236200530084
56.4571239318642
56.42701131054469
56.39689833669051
56.36678501042055
56.336671331853594
56.3065573011084
56.2764429183036
56.246328183557765
56.21621309698938
56.18609765871685
56.155981868858504
56.125865727532585
56.095749234857266
56.06563239095064
56.03551519593071
56.0053976499154
55.97527975302258
55.94516150537
55.915042907075375
55.8849239582563
55.85480465903032
55.824685009514894
55.79456500982739
55.764444660085104
55.73432396040526
55.70420291090501
55.6740815117014
55.64395976291143
55.613837664652
55.58371521703993
55.55359242019198
55.52346927422482
55.49334577925505
55.463221935399176
55.43309774277364
55.4029732014948
55.372848311678936
55.342723073442265
55.31259748690091
55.28247155217092
55.25234526936826
55.22221863860883
55.19209166000846
55.16196433368288
55.131836659747755
55.10170863831867
55.071580269511145
55.0414515534406
55.0113224902224
54.98119307997182
54.95106332280407
54.92093321883427
54.89080276817748
54.86067197094865
54.83054082726271
54.800409337234456
54.77027750097865
54.74014531860995
54.71001279024295
54.67987991599217
54.64974669597204
54.61961313029694
54.589479219081156
54.5593449624389
54.52921036048431
54.49907541333145
54.4689401210943
54.438804483886784
54.40866850182273
54.3785321750159
54.34839550357998
54.31825848762859
54.288121127275254
54.25798342263343
54.22784537381652
54.197706980937824
54.16756824411058
54.13742916344795
54.10728973906303
54.07714997106882
54.04700985957827
54.01686940470424
53.98672860655952
53.95658746525682
53.92644598090878
53.89630415362797
53.866161983526894
53.83601947071797
53.80587661531353
53.77573341742585
53.745589877167134
53.71544599464951
53.68530176998502
53.65515720328564
53.62501229466328
53.59486704422977
53.56472145209686
53.53457551837624
53.50442924317952
53.47428262661825
53.44413566880387
53.413988369847786
53.38384072986131
53.3536927489557
53.323544427242126
53.29339576483168
53.2632467618354
53.23309741836423
53.20294773452907
53.172797710440705
53.1426473462099
53.1124966419473
53.08234559776352
53.05219421376907
53.022042490074384
52.991890426789865
52.96173802402582
52.93158528189246
52.90143220049997
52.87127877995842
52.841125020377845
52.81097092186818
52.780816484539315
52.75066170850104
52.7205065938631
52.69035114073515
52.660195349226775
52.630039219447504
52.59988275150679
52.569725945513994
52.53956880157843
52.50941131980934
52.47925350031588
52.44909534320715
52.41893684859215
52.38877801657986
52.35861884727916
52.32845934079886
52.298299497247676
52.268139316734306
52.23797879936735
52.20781794525532
52.17765675450669
52.14749522722985
52.117333363533106
52.08717116352473
52.05700862731287
52.02684575500567
51.99668254671115
51.96651900253729
51.936355122591976
51.90619090698306
51.8760263558183
51.845861469205374
51.81569624725192
51.785530690065485
51.75536479775356
51.725198570423544
51.69503200818279
51.66486511113859
51.63469787939813
51.60453031306857
51.574362412256974
51.54419417707034
51.514025607615594
51.48385670399962
51.4536874663292
51.423517894711054
51.393347989251865
51.3631777500582
51.33300717723659
51.30283627089348
51.272665031135276
51.24249345806828
51.212321551798745
51.182149312432855
51.15197674007672
51.121803834836385
51.09163059681783
51.06145702612696
51.031283122869624
51.001108887151595
50.97093431907858
50.94075941875621
50.910584186290066
50.880408621785655
50.850232725348405
50.8200564970837
50.78987993709683
50.75970304549303
50.72952582237748
50.699348267855285
50.66917038203146
50.63899216501098
50.60881361689876
50.57863473779961
50.54845552781833
50.51827598705959
50.48809611562803
50.45791591362824
50.4277353811647
50.397554518341856
50.367373325264076
50.337191802035655
50.30700994876083
50.27682776554378
50.246645252488605
50.21646240969933
50.18627923727995
50.15609573533436
50.1259119039664
50.09572774327984
50.0655432533784
50.03535843436572
50.005173286345375
49.97498780942088
49.944802003695685
49.914615869273156
49.88442940625662
49.854242614749325
49.82405549485447
49.79386804667516
49.76368027031444
49.73349216587533
49.703303733460736
49.673114973173526
49.64292588511648
49.61273646939236
49.5825467261038
49.552356655353414
49.52216625724374
49.49197553187724
49.46178447935633
49.43159309978336
49.4014013932606
49.37120935989026
49.3410169997745
49.3108243130154
49.28063129971499
49.25043795997522
49.220244293897984
49.19005030158511
49.15985598313837
49.12966133865946
49.09946636825001
49.06927107201162
49.039075450045786
49.00887950245394
48.97868322933749
48.948486630797746
48.918289706935965
48.88809245785334
48.857894883651
48.82769698443001
48.79749876029138
48.76730021133604
48.737101337664875
48.7069021393787
48.67670261657827
48.64650276936425
48.61630259783729
48.586102102097946
48.555901282246715
48.52570013838404
48.49549867061029
48.46529687902577
48.435094763730746
48.40489232482539
48.37468956240983
48.34448647658413
48.314283067448294
48.28407933510225
48.25387527964588
48.223670901179005
48.193466199801364
48.16326117561265
48.133055828712486
48.10285015920044
48.07264416717603
48.04243785273867
48.01223121598776
47.982024257022616
47.951816975942485
47.92160937284657
47.891401447834006
47.861193201003864
47.83098463245515
47.800775742286824
47.77056653059776
47.74035699748679
47.710147143052694
47.679936967394156
47.64972647060982
47.619515652798285
47.589304514058064
47.55909305448761
47.52888127418534
47.49866917324958
47.46845675177862
47.438244009870665
47.40803094762388
47.377817565136354
47.34760386250613
47.317389839831186
47.287175497209425
47.25696083473871
47.22674585251684
47.19653055064153
47.166314929210486
47.1360989883213
47.10588272807153
47.07566614855867
47.04544924988015
47.015232032133355
46.98501449541559
46.95479663982411
46.924578465456115
46.89435997240872
46.864141160779035
46.833922030664056
46.803702582160724
46.773482815365966
46.7432627303766
46.713042327289415
46.682821606201124
46.65260056720838
46.62237921040779
46.59215753589589
46.56193554376918
46.53171323412405
46.501490607056894
46.471267662664
46.44104440104161
46.410820822285935
46.380596926493084
46.35037271375913
46.320148184180084
46.289923337851896
46.259698174870465
46.22947269533162
46.19924689933114
46.169020786964744
46.1387943583281
46.10856761351679
46.07834055262637
46.04811317575233
46.01788548299008
45.98765747443501
45.95742915018242
45.92720051032756
45.896971554965624
45.86674228419175
45.836512698101025
45.80628279678845
45.77605258034902
45.74582204887761
45.715591202469085
45.68536004121823
45.65512856521978
45.62489677456841
45.59466466935874
45.56443224968533
45.53419951564268
45.50396646732524
45.47373310482739
45.44349942824346
45.41326543766775
45.38303113319445
45.35279651491773
45.32256158293169
45.29232633733038
45.26209077820779
45.231854905657855
45.20161871977445
45.17138222065138
45.14114540838243
45.11090828306129
45.08067084478161
45.05043309363699
45.02019502972096
44.989956653126995
44.959717963948535
44.92947896227894
44.89923964821152
44.869000021839526
44.838760083256155
44.80851983255455
44.77827926982781
44.74803839516895
44.717797208670945
44.68755571042672
44.65731390052913
44.62707177907099
44.59682934614505
44.566586601843994
44.53634354626048
44.50610017948708
44.47585650161631
44.44561251274067
44.41536821295255
44.38512360234433
44.35487868100831
44.32463344903673
44.294387906521806
44.264142053555666
44.233895890230386
44.20364941663802
44.173402632870534
44.14315553901984
44.112908135177804
44.08266042143624
44.0524123978869
44.022164064621485
43.99191542173164
43.96166646930895
43.931417207444966
43.90116763623115
43.87091775575894
43.84066756611971
43.81041706740477
43.780166259705396
43.74991514311277
43.71966371771808
43.689411983612395
43.65915994088678
43.62890758963221
43.598654929939634
43.56840196189994
43.53814868560394
43.50789510114242
43.477641208606094
43.44738700808564
43.417132499671666
43.38687768345473
43.35662255952532
43.32636712797392
43.2961113888909
43.26585534236662
43.235598988491354
43.20534232735536
43.17508535904881
43.14482808366183
43.114570501284504
43.08431261200685
43.05405441591884
43.02379591311039
42.993537103671365
42.96327798769157
42.93301856526076
42.90275883646864
42.87249880140486
42.842238460159024
42.81197781282067
42.78171685947929
42.75145560022433
42.72119403514517
42.69093216433114
42.660669987871515
42.630407505855544
42.60014471837238
42.56988162551115
42.53961822736093
42.50935452401073
42.47909051554952
42.448826202066215
42.41856158364966
42.38829666038868
42.35803143237202
42.327765899688394
42.29750006242644
42.267233920674755
42.2369674745219
42.206700724056354
42.176433669366574
42.14616631054093
42.11589864766778
42.0856306808354
42.05536241013202
42.02509383564584
41.994824957464985
41.964555775677525
41.9342862903715
41.90401650163488
41.87374640955558
41.843476014221494
41.813205315720424
41.78293431414015
41.75266300956838
41.7223914020928
41.692119491801016
41.661847278780584
41.63157476311903
41.60130194490382
41.571028824222346
41.54075540116199
41.51048167581004
41.48020764825377
41.449933318580385
41.41965868687703
41.38938375323082
41.35910851772881
41.328832980457996
41.29855714150533
41.26828100095773
41.238004558902034
41.207727815425045
41.17745077061352
41.14717342455415
41.11689577733359
41.08661782903843
41.05633957975523
41.02606102957048
40.99578217857063
40.96550302684208
40.93522357447117
40.904943821544215
40.87466376814744
40.84438341436706
40.81410276028921
40.78382180599999
40.753540551585445
40.72325899713158
40.69297714272433
40.662694988449594
40.63241253439323
40.602129780641036
40.57184672727874
40.541563374392055
40.51127972206663
40.48099577038807
40.45071151944191
40.42042696931366
40.39014212008877
40.359856971852636
40.32957152469061
40.29928577868799
40.26899973393004
40.23871339050196
40.2084267484889
40.17813980797597
40.147852569048226
40.11756503179068
40.087277196288284
40.056989062625945
40.02670063088853
39.99641190116084
39.96612287352765
39.93583354807366
39.90554392488355
39.87525400404193
39.844963785633354
39.814673269742364
39.784382456453415
39.75409134585094
39.72379993801929
39.69350823304281
39.66321623100577
39.632923931992394
39.60263133608687
39.57233844337331
39.54204525393582
39.51175176785842
39.4814579852251
39.45116390611979
39.42086953062639
39.39057485882874
39.36027989081063
39.329984626655815
39.299689066447975
39.26939321027077
39.239097058207804
39.20880061034263
39.17850386675874
39.14820682753961
39.117909492768646
39.0876118625292
39.057313936904606
39.02701571597812
38.996717199832965
38.96641838855231
38.93611928221928
38.90581988091696
38.875520184728366
38.845220193736495
38.814919908024265
38.784619327674584
38.754318452770285
38.72401728339415
38.69371581962894
38.663414061557354
38.633112009262035
38.6028096628256
38.5725070223306
38.54220408785954
38.511900859494894
38.48159733731907
38.45129352141444
38.42098941186334
38.39068500874804
38.36038031215075
38.33007532215368
38.299770038838965
38.26946446228868
38.23915859258488
38.20885242980955
38.17854597404466
38.148239225372095
38.11793218387372
38.08762484963133
38.057317222726724
38.0270093032416
37.99670109125761
37.966392586856415
37.93608379011958
37.90577470112864
37.87546531996509
37.845155646710346
37.81484568144583
37.78453542425287
37.754224875212785
37.72391403440682
37.6936029019162
37.663291477822085
37.63297976220558
37.602667755147785
37.57235545672971
37.54204286703234
37.51172998613662
37.481416814123435
37.45110335107363
37.420789597068
37.390475552187304
37.36016121651225
37.32984659012351
37.2995316731017
37.26921646552737
37.23890096748108
37.20858517904329
37.17826910029444
37.14795273131494
37.117636072185114
37.08731912298527
37.05700188379567
37.02668435469652
36.99636653576799
36.966048427090186
36.93573002874321
36.90541134080707
36.87509236336176
36.84477309648722
36.814453540263365
36.78413369477002
36.753813560087
36.72349313629408
36.69317242347096
36.66285142169733
36.6325301310528
36.602208551616975
36.57188668346938
36.54156452668951
36.511242081356826
36.480919347550724
36.450596325350574
36.42027301483568
36.38994941608533
36.35962552917874
36.32930135419511
36.29897689121357
36.26865214031322
36.238327101573105
36.20800177507224
36.17767616088959
36.147350259104066
36.11702406979456
36.086697593039894
36.05637082891885
36.02604377751018
35.99571643889259
35.96538881314473
35.93506090034521
35.904732700572616
35.87440421390545
35.8440754404222
35.81374638020132
35.78341703332119
35.75308739986016
35.72275747989656
35.69242727350862
35.66209678077459
35.63176600177263
35.60143493658088
35.57110358527743
35.540771947940335
35.51044002464758
35.48010781547715
35.449775320506944
35.419442539814845
35.38910947347868
35.35877612157625
35.32844248418528
35.298108561383486
35.26777435324853
35.237439859858014
35.207105081289534
35.1767700176206
35.1464346689287
35.1160990352913
35.085763116785785
35.055426913489505
35.0250904254798
34.994753652833936
34.96441659562914
34.934079253942606
34.903741627851474
34.87340371743285
34.84306552276381
34.81272704392135
34.78238828098245
34.75204923402406
34.72170990312306
34.6913702883563
34.661030389800594
34.6306902075327
34.600349741629344
34.570008992167196
34.53966795922291
34.50932664287308
34.47898504319425
34.44864316026294
34.418300994155615
34.3879585449487
34.3576158127186
34.327272797541646
34.296929499494134
34.26658591865233
34.23624205509246
34.20589790889069
34.17555348012317
34.14520876886597
34.11486377519516
34.08451849918675
34.05417294091671
34.02382710046095
33.993480977895366
33.96313457329581
33.932787886738076
33.90244091829793
33.87209366805108
33.84174613607321
33.81139832243997
33.78105022722694
33.75070185050968
33.720353192363696
33.690004252864476
33.65965503208743
33.62930553010796
33.598955747001426
33.568605682843106
33.53825533770829
33.507904711672204
33.477553804810015
33.44720261719687
33.41685114890789
33.38649940001812
33.356147370602585
33.325795060736255
33.29544247049409
33.26508959995097
33.23473644918177
33.20438301826129
33.17402930726432
33.14367531626557
33.113321045339774
33.08296649456156
33.05261166400555
33.022256553746324
32.9919011638584
32.96154549441628
32.93118954549441
32.90083331716722
32.87047680950906
32.84012002259427
32.809762956497146
32.77940561129193
32.74904798705283
32.71869008385404
32.68833190176967
32.65797344087381
32.62761470124052
32.59725568294379
32.566896386057614
32.53653681065592
32.50617695681258
32.475816824601466
32.44545641409637
32.41509572537107
32.3847347584993
32.35437351355475
32.32401199061107
32.29365018974187
32.26328811102073
32.23292575452116
32.202563120316675
32.17220020848073
32.14183701908672
32.11147355220803
32.081109807918
32.0507457862899
32.02038148739702
31.990016911312555
31.959652058109686
31.92928692786155
31.898921520641245
31.868555836521825
31.83818987557632
31.807823637877704
31.77745712349892
31.74709033251287
31.716723264992414
31.686355921010367
31.65598830063954
31.625620403952656
31.595252231022428
31.564883781921527
31.534515056722576
31.50414605549816
31.473776778320847
31.44340722526314
31.41303739639751
31.38266729179639
31.352296911532182
31.321926255677234
31.29155532430387
31.261184117484376
31.230812635290985
31.200440877795902
31.170068845071288
31.139696537189263
31.109323954221928
31.078951096241322
31.048577963319456
31.018204555528303
30.987830872939796
30.95745691562582
30.927082683658245
30.896708177108888
30.86633339604952
30.83595834055189
30.80558301068769
30.7752074065286
30.744831528146236
30.714455375612193
30.684078948998017
30.653702248375225
30.62332527381529
30.59294802538965
30.56257050316969
30.53219270722679
30.501814637632265
30.4714362944574
30.441057677773443
30.4106787876516
30.38029962416304
30.34992018737891
30.31954047737029
30.28916049420825
30.2587802379638
30.228399708707933
30.198018906511578
30.167637831445667
30.13725648358105
30.106874862988573
30.076492969739018
30.04611080390315
30.015728365551688
29.985345654755314
29.95496267158468
29.924579416110383
29.894195888403
29.863812088533066
29.833428016571062
29.80304367258747
29.7726590566527
29.742274168837135
29.711889009211124
29.68150357784498
29.65111787480896
29.620731900173325
29.59034565400826
29.55995913638393
29.529572347370458
29.499185287037935
29.468797955456402
29.43841035269589
29.40802247882636
29.37763433391777
29.34724591804001
29.316857231262947
29.28646827365641
29.2560790452902
29.225689546234076
29.19529977655775
29.16490973633091
29.1345194256232
29.10412884450422
29.073737993043565
29.043346871310764
29.01295547937531
28.982563817306676
28.95217188517429
28.921779683047525
28.891387210995767
28.86099446908831
28.830601457394444
28.80020817598342
28.769814624924443
28.739420804286677
28.709026714139277
28.678632354551333
28.648237725591915
28.61784282733005
28.58744765983473
28.5570522231749
28.526656517419504
28.49626054263741
28.465864298897472
28.435467786268504
28.405071004819277
28.374673954618537
28.34427663573498
28.313879048237286
28.283481192194085
28.25308306767397
28.22268467474551
28.192286013477222
28.161887083937597
28.131487886195096
28.101088420318135
28.0706886863751
28.04028868443433
28.009888414564145
27.979487876832813
27.949087071308583
27.918685998059658
27.88828465715421
27.857883048660366
27.82748117264623
27.797079029179862
27.7666766183293
27.73627394016253
27.705870994747507
27.675467782152158
27.645064302444368
27.614660555691984
27.584256541962834
27.553852261324693
27.523447713845307
27.49304289959239
27.46263781863361
27.432232471036613
27.401826856869008
27.37142097619837
27.341014829092224
27.310608415618077
27.2802017358434
27.2497947898356
27.219387577662104
27.188980099390264
27.1585723550874
27.12816434482081
27.097756068657745
27.06734752666543
27.036938718911053
27.00652964546177
26.9761203063847
26.94571070174692
26.915300831615482
26.884890696057397
26.854480295139652
26.824069628929188
26.79365869749292
26.76324750089772
26.73283603921043
26.702424312497847
26.67201232082677
26.64160006426392
26.611187542876003
26.58077475672969
26.550361705891618
26.51994839042838
26.489534810406553
26.459120965892673
26.428706856953227
26.39829248365469
26.367877846063486
26.337462944246006
26.30704777826863
26.276632348197673
26.246216654099428
26.21580069604016
26.185384474086096
26.15496798830342
26.1245512387583
26.094134225516854
26.063716948645176
26.033299408209324
26.002881604275316
25.972463536909135
25.94204520617675
25.91162661214408
25.881207754877003
25.850788634441383
25.820369250903035
25.789949604327745
25.75952969478126
25.729109522329313
25.698689087037586
25.668268388971725
25.637847428197354
25.607426204780054
25.577004718785375
25.546582970278845
25.516160959325937
25.485738685992114
25.45531615034279
25.42489335244334
25.394470292359124
25.364046970155464
25.333623385897635
25.303199539650894
25.27277543148046
25.24235106145152
25.21192642962921
25.18150153607867
25.151076380864975
25.120650964053183
25.090225285708307
25.059799345895332
25.029373144679212
24.998946682124874
24.968519958297204
24.938092973261053
24.907665727081245
24.877238219822566
24.84681045154976
24.816382422327575
24.785954132220688
24.755525581293753
24.7250967696114
24.694667697238216
24.664238364238756
24.63380877067756
24.603378916619114
24.572948802127875
24.542518427268277
24.512087792104715
24.481656896701537
24.4512257411231
24.420794325433683
24.390362649697558
24.359930713978958
24.32949851834208
24.299066062851086
24.268633347570127
24.238200372563302
24.207767137894674
24.177333643628288
24.14689988982814
24.116465876558212
24.08603160388245
24.05559707186476
24.025162280569013
23.994727230059063
23.964291920398715
23.93385635165174
23.903420523881913
23.87298443715293
23.842548091528485
23.812111487072226
23.78167462384777
23.751237501918705
23.720800121348596
23.690362482200957
23.65992458453929
23.629486428427047
23.59904801392766
23.56860934110452
23.538170410021
23.50773122074043
23.47729177332611
23.446852067841313
23.41641210434927
23.38597188291319
23.35553140359624
23.325090666461577
23.2946496715723
23.264208418991497
23.23376690878221
23.203325141007454
23.172883115730208
23.142440833013442
23.111998292920063
23.081555495512966
23.051112440855007
23.020669129009022
22.990225560037782
22.95978173400408
22.929337650970634
22.898893311000148
22.868448714155292
22.838003860498702
22.807558750092987
22.777113383000724
22.74666775928446
22.71622187900671
22.68577574222995
22.655329349016633
22.624882699429175
22.59443579352998
22.563988631381395
22.533541213045744
22.503093538585333
22.472645608062418
22.44219742153923
22.411748979077984
22.381300280740845
22.350851326589954
22.320402116687426
22.28995265109533
22.259502929875715
22.22905295309061
22.198602720801993
22.168152233071822
22.13770148996202
22.107250491534483
22.076799237851066
22.046347728973615
22.01589596496393
21.98544394588378
21.9549916717949
21.92453914275901
21.89408635883777
21.86363332009286
21.83318002658587
21.802726478378403
21.77227267553202
21.741818618108233
21.71136430616854
21.68090973977442
21.6504549189873
21.619999843868587
21.58954451447965
21.55908893088183
21.528633093136456
21.49817700130481
21.467720655448133
21.437264055627654
21.40680720190457
21.37635009434004
21.345892732995203
21.315435117931152
21.284977249208957
21.25451912688967
21.224060751034294
21.19360212170382
21.1631432389592
21.132684102861344
21.102224713471152
21.07176507084948
21.041305175057165
21.010845026155007
20.980384624203786
20.94992396926423
20.919463061397053
20.889001900662944
20.85854048712255
20.828078820836502
20.797616901865382
20.76715473026975
20.73669230611015
20.70622962944708
20.675766700341015
20.645303518852405
20.61484008504165
20.58437639896914
20.553912460695233
20.523448270280255
20.492983827784492
20.462519133268234
20.43205418679169
20.401588988415078
20.371123538198574
20.340657836202332
20.310191882486468
20.279725677111063
20.249259220136185
20.218792511621857
20.188325551628093
20.15785834021485
20.127390877442085
20.0969231633697
20.066455198057575
20.035986981565575
20.00551851395352
19.975049795281205
19.944580825608405
19.914111604994844
19.88364213350023
19.853172411184254
19.82270243810656
19.792232214326777
19.761761739904482
19.73129101489924
19.700820039370598
19.670348813378048
19.63987733698107
19.60940561023912
19.578933633211594
19.548461405957894
19.517988928537385
19.487516201009385
19.457043223433203
19.426569995868125
19.39609651837337
19.365622791008168
19.3351488138317
19.304674586903136
19.274200110281598
19.24372538402618
19.213250408195957
19.18277518284998
19.152299708047252
19.12182398384677
19.091348010307488
19.06087178748833
19.030395315448196
18.99991859424596
18.96944162394046
18.93896440459052
18.90848693625493
18.878009218992432
18.847531252861756
18.81705303792161
18.786574574230663
18.756095861847562
18.72561690083092
18.695137691239324
18.66465823313133
18.634178526565467
18.60369857160024
18.573218368294132
18.54273791670557
18.512257216892984
18.481776268914754
18.451295072829247
18.420813628694795
18.39033193656971
18.35984999651225
18.329367808580674
18.2988853728332
18.26840268932802
18.2379197581233
18.207436579277182
18.17695315284776
18.146469478893117
18.11598555747131
18.085501388640356
18.05501697245827
18.02453230898299
17.99404739827248
17.963562240384636
17.933076835377356
17.902591183308488
17.872105284235868
17.84161913821729
17.811132745310527
17.78064610557332
17.750159219063402
17.719672085838454
17.68918470595614
17.658697079474088
17.62820920644991
17.59772108694118
17.56723272100546
17.536744108700272
17.5062552500831
17.475766145211423
17.44527679414268
17.414787196934288
17.384297353643625
17.353807264328065
17.32331692904492
17.29282634785151
17.262335520805095
17.231844447962935
17.20135312938225
17.170861565120244
17.14036975523407
17.109877699780863
17.07938539881775
17.048892852401803
17.0184000605901
16.987907023439647
16.957413741007457
16.926920213350506
16.896426440525744
16.86593242259009
16.83543815960045
16.804943651613677
16.774448898686607
16.74395390087607
16.713458658238835
16.682963170831673
16.65246743871132
16.621971461934464
16.59147524055779
16.560978774637952
16.530482064231574
16.499985109395254
16.469487910185556
16.43899046665902
16.408492778872173
16.3779948468815
16.34749667074346
16.316998250514498
16.28649958625101
16.256000678009382
16.225501525845974
16.19500212981711
16.164502489979093
16.134002606388208
16.103502479100683
16.073002108172748
16.042501493660602
16.012000635620414
15.981499534108327
15.950998189180442
15.92049660089286
15.88999476930164
15.859492694462816
15.828990376432397
15.798487815266373
15.767985011020686
15.737481963751275
15.706978673514035
15.67647514036485
15.645971364359566
15.615467345554014
15.584963084003979
15.554458579765233
15.523953832893529
15.493448843444579
15.462943611474081
15.432438137037696
15.401932420191057
15.371426460989783
15.340920259489462
15.310413815745651
15.279907129813894
15.249400201749685
15.218893031608513
15.18838561944583
15.15787796531707
15.127370069277635
15.09686193138291
15.066353551688227
15.035844930248928
15.005336067120302
14.974826962357632
14.944317616016157
14.91380802815111
14.88329819881767
14.852788128071015
14.822277815966283
14.7917672625586
14.76125646790306
14.730745432054714
14.700234155068607
14.669722636999758
14.639210877903153
14.608698877833753
14.578186636846503
14.547674154996297
14.517161432338032
14.486648468926564
14.456135264816727
14.425621820063327
14.395108134721156
14.364594208844956
14.334080042489461
14.303565635709385
14.273050988559397
14.242536101094164
14.212020973368304
14.181505605436417
14.150989997353092
14.120474149172868
14.08995806095028
14.059441732739835
14.028925164595993
13.99840835657321
13.967891308725914
13.9373740211085
13.90685649377534
13.876338726780798
13.845820720179173
13.815302474024774
13.784783988371876
13.75426526327472
13.72374629878754
13.693227094964515
13.662707651859822
13.632187969527614
13.601668048022006
13.571147887397089
13.54062748770695
13.510106849005615
13.47958597134711
13.44906485478543
13.418543499374547
13.388021905168404
13.35750007222093
13.326978000586
13.296455690317494
13.265933141469255
13.235410354095105
13.20488732824884
13.174364063984221
13.143840561354999
13.113316820414887
13.082792841217586
13.052268623816767
13.021744168266075
12.991219474619115
12.960694542929495
12.930169373250784
12.899643965636528
12.869118320140242
12.838592436815436
12.808066315715559
12.777539956894069
12.747013360404388
12.716486526299908
12.685959454634013
12.655432145460033
12.6249045988313
12.594376814801109
12.563848793422736
12.533320534749429
12.502792038834418
12.472263305730888
12.441734335492022
12.411205128170971
12.380675683820858
12.350146002494789
12.31961608424584
12.289085929127058
12.258555537191473
12.228024908492088
12.197494043081884
12.166962941013821
12.136431602340815
12.10590002711578
12.075368215391595
12.044836167221117
12.014303882657181
11.983771361752602
11.953238604560148
11.922705611132585
11.89217238152265
11.861638915783058
11.831105213966488
11.800571276125615
11.770037102313061
11.73950269258145
11.708968046983369
11.67843316557138
11.647898048398035
11.617362695515856
11.586827106977317
11.556291282834898
11.52575522314104
11.495218927948176
11.464682397308696
11.43414563127497
11.403608629899347
11.373071393234156
11.342533921331697
11.311996214244246
11.281458272024068
11.250920094723373
11.220381682394377
11.189843035089261
11.159304152860182
11.128765035759272
11.098225683838649
11.06768609715039
11.037146275746558
11.006606219679195
10.976065929000313
10.945525403761915
10.914984644015949
10.884443649814362
10.853902421209089
10.823360958252009
10.792819260995003
10.76227732948993
10.731735163788592
10.701192763942803
10.67065013000434
10.640107262024955
10.609564160056383
10.579020824150334
10.548477254358477
10.517933450732485
10.487389413323989
10.456845142184601
10.42630063736592
10.395755898919496
10.365210926896882
10.334665721349594
10.304120282329128
10.273574609886957
10.243028704074536
10.212482564943278
10.181936192544587
10.151389586929845
10.120842748150407
10.090295676257607
10.059748371302758
10.029200833337132
9.998653062412
9.968105058578598
9.93755682188814
9.90700835239183
9.876459650140822
9.845910715186264
9.815361547579286
9.784812147370985
9.754262514612432
9.723712649354693
9.693162551648784
9.662612221545718
9.63206165909648
9.60151086435203
9.570959837363302
9.540408578181228
9.509857086856677
9.479305363440524
9.448753407983617
9.418201220536783
9.38764880115082
9.357096149876504
9.326543266764583
9.29599015186579
9.265436805230841
9.234883226910416
9.204329416955183
9.173775375415769
9.143221102342801
9.112666597786863
9.082111861798536
9.051556894428366
9.021001695726884
8.990446265744573
8.959890604531928
8.929334712139408
8.898778588617438
8.868222234016443
8.8376656483868
8.807108831778873
8.776551784243013
8.745994505829543
8.715436996588755
8.684879256570936
8.654321285826324
8.623763084405157
8.593204652357642
8.562645989733966
8.532087096584288
8.50152797295876
8.470968618907488
8.440409034480563
8.409849219728073
8.379289174700059
8.348728899446554
8.318168394017558
8.287607658463056
8.257046692833008
8.226485497177354
8.19592407154601
8.165362415988874
8.13480053055581
8.104238415296665
8.073676070261275
8.043113495499433
8.012550691060934
7.981987656995534
7.951424393352962
7.920860900182937
7.890297177535155
7.8597332254592835
7.829169044004974
7.7986046332218635
7.768039993159533
7.737475123867579
7.706910025395555
7.676344697793004
7.645779141109449
7.615213355394365
7.584647340697238
7.554081097067506
7.523514624554609
7.492947923207945
7.462380993076906
7.431813834210839
7.401246446659089
7.370678830470977
7.3401109856957945
7.309542912382817
7.2789746105813045
7.248406080340468
7.217837321709528
7.187268334737665
7.156699119474045
7.126129675967819
7.095560004268089
7.064990104423963
7.034419976484518
7.003849620498807
6.973279036515864
6.94270822458471
6.912137184754313
6.8815659170736545
6.850994421591677
6.820422698357303
6.78985074741944
6.759278568826975
6.728706162628747
6.698133528873608
6.667560667610369
6.636987578887826
6.606414262754759
6.575840719259903
6.545266948451996
6.514692950379743
6.484118725091836
6.453544272636934
6.422969593063687
6.392394686420708
6.3618195527566
6.331244192119941
6.30066860455929
6.270092790123183
6.239516748860137
6.208940480818637
6.178363986047156
6.147787264594147
6.117210316508036
6.086633141837243
6.05605574063013
6.025478112935078
5.994900258800422
5.964322178274491
5.933743871405582
5.90316533824198
5.87258657883193
5.842007593223672
5.811428381465429
5.780848943605394
5.750269279691734
5.719689389772606
5.689109273896136
5.658528932110432
5.627948364463586
5.597367571003664
5.566786551778721
5.536205306836761
5.505623836225805
5.475042139993823
5.444460218188786
5.413878070858631
5.383295698051285
5.352713099814631
5.32213027619655
5.291547227244902
5.260963953007524
5.230380453532229
5.19979672886681
5.169212779059034
5.138628604156658
5.108044204207406
5.077459579258994
5.046874729359114
5.01628965455542
4.9857043548955655
4.9551188304271765
4.924533081197859
4.893947107255197
4.86336090864676
4.8327744854200745
4.802187837622672
4.771600965302049
4.741013868505693
4.710426547281054
4.6798390016755835
4.6492512317366845
4.618663237511763
4.588075019048192
4.557486576393327
4.5268979095945046
4.496309018699044
4.465719903754225
4.435130564807331
4.404541001905612
4.373951215096302
4.343361204426616
4.312770969943729
4.28218051169482
4.25158982972704
4.220998924087519
4.190407794823363
4.159816441981665
4.129224865609478
4.098633065753864
4.068041042461836
4.0374487957804135
4.006856325756573
3.976263632437286
3.9456707158694897
3.91507757610011
3.8844842131760533
3.853890627144196
3.8232968180514213
3.792702785944547
3.762108530870403
3.7315140528757933
3.7009193520074994
3.6703244283122896
3.639729281836896
3.609133912628037
3.5785383207324184
3.5479425061967174
3.5173464690675953
3.4867502093916922
3.456153727215634
3.4255570225860072
3.3949600955493953
3.364362946152358
3.3337655744414363
3.303167980463151
3.272570164263991
3.241972125890438
3.211373865388955
3.1807753828059706
3.150176678187915
3.1195777515811844
3.0889786030321424
3.0583792325871606
3.0277796402925716
2.997179826194694
2.966579790339823
2.9359795327742457
2.9053790535442037
2.8747783526959463
2.844177430275689
2.8135762863296243
2.7829749209039427
2.7523733340447905
2.7217715257983066
2.6911694962106125
2.6605672453278064
2.6299647731959617
2.59936207986115
2.568759165369393
2.5381560297667214
2.5075526730991218
2.4769490954125875
2.4463452967530674
2.415741277166518
2.3851370366988327
2.354532575395927
2.3239278933036847
2.2933229904679564
2.2627178669345938
2.2321125227494054
2.2015069579581983
2.1709011726067544
2.14029516674084
2.1096889404061923
2.0790824936485386
2.048475826513574
2.0178689390469895
1.9872618312944414
1.956654503301582
1.9260469551140336
1.8954391867774056
1.8648311983372707
1.8342229898392048
1.8036145613287484
1.7730059128514366
1.742397044452776
1.711787956178247
1.681178648073324
1.6505691201834498
1.6199593725540602
1.5893494052305623
1.5587392182583564
1.5281288116827998
1.4975181855492483
1.4669073399030346
1.4362962747894699
1.4056849902538548
1.375073486341467
1.344461763097545
1.3138498205673343
1.2832376587960503
1.2526252778288907
1.2220126777110405
1.1913998584876406
1.1607868202038407
1.1301735629047602
1.099560086635499
1.068946391441136
1.038332477366744
1.007718344457352
0.977103992757991
0.9464894223136611
0.9158746331693521
0.8852596253700291
0.8546443989606463
0.8240289539861134
0.7934132904913511
0.7627974085212514
0.7321813081206763
0.7015649893344857
0.6709484522075133
0.6403316967845623
0.609714723110427
0.5790975312298929
0.5484801211877084
0.5178624930286198
0.48724464679733437
0.4566265825385525
0.4260083002969566
0.39538980011721137
0.3647710820439549
0.33415214612182
0.3035329923953931
0.27291362090926796
0.27286944829838333
