5145.807580128228
5145.926939264124
5145.963419568011
5145.999887513722
5146.036343110552
5146.072786367779
5146.109217294677
5146.145635900503
5146.1820421945085
5146.218436185933
5146.2548178840025
5146.291187297934
5146.327544436934
5146.363889310201
5146.400221926915
5146.4365422962555
5146.472850427382
5146.50914632945
5146.545430011601
5146.581701482967
5146.617960752672
5146.654207829823
5146.690442723523
5146.72666544286
5146.762875996914
5146.799074394753
5146.835260645437
5146.8714347580135
5146.907596741517
5146.9437466049785
5146.979884357413
5147.016010007825
5147.052123565212
5147.088225038559
5147.124314436843
5147.160391769024
5147.196457044061
5147.232510270897
5147.268551458465
5147.30458061569
5147.340597751483
5147.3766028747505
5147.412595994383
5147.448577119264
5147.484546258266
5147.52050342025
5147.556448614071
5147.59238184857
5147.6283031325775
5147.664212474916
5147.700109884399
5147.735995369828
5147.771868939991
5147.807730603674
5147.8435803696475
5147.879418246671
5147.915244243498
5147.95105836887
5147.9868606315185
5148.022651040166
5148.058429603523
5148.094196330291
5148.1299512291625
5148.165694308822
5148.201425577937
5148.237145045172
5148.272852719179
5148.308548608603
5148.3442327220755
5148.379905068219
5148.415565655647
5148.451214492963
5148.486851588761
5148.522476951624
5148.558090590129
5148.593692512838
5148.629282728305
5148.664861245079
5148.700428071692
5148.735983216672
5148.771526688536
5148.807058495788
5148.842578646925
5148.878087150438
5148.913584014801
5148.949069248486
5148.984542859949
5149.02000485764
5149.055455249998
5149.0908940454565
5149.126321252433
5149.161736879339
5149.197140934576
5149.23253342654
5149.2679143636105
5149.303283754161
5149.338641606557
5149.373987929154
5149.409322730296
5149.444646018318
5149.479957801549
5149.515258088306
5149.550546886895
5149.585824205617
5149.621090052761
5149.656344436606
5149.691587365423
5149.726818847477
5149.762038891016
5149.797247504287
5149.83244469552
5149.867630472943
5149.902804844771
5149.937967819212
5149.973119404457
5150.008259608703
5150.043388440123
5150.0785059068885
5150.113612017164
5150.148706779094
5150.183790200828
5150.218862290498
5150.253923056226
5150.288972506131
5150.324010648318
5150.3590374908845
5150.3940530419195
5150.429057309503
5150.464050301706
5150.49903202659
5150.534002492206
5150.568961706602
5150.60390967781
5150.638846413856
5150.6737719227585
5150.708686212528
5150.743589291159
5150.778481166647
5150.81336184697
5150.848231340105
5150.883089654014
5150.917936796652
5150.952772775967
5150.987597599897
5151.022411276371
5151.057213813308
5151.092005218625
5151.126785500219
5151.161554665986
5151.196312723813
5151.231059681577
5151.265795547147
5151.300520328381
5151.335234033132
5151.369936669242
5151.404628244543
5151.439308766863
5151.4739782440165
5151.508636683814
5151.543284094054
5151.577920482528
5151.612545857017
5151.647160225297
5151.681763595133
5151.716355974281
5151.750937370492
5151.785507791506
5151.82006724505
5151.854615738854
5151.889153280627
5151.923679878081
5151.9581955389085
5151.992700270804
5152.0271940814455
5152.061676978507
5152.096148969653
5152.130610062539
5152.165060264815
5152.199499584117
5152.23392802808
5152.268345604325
5152.302752320469
5152.337148184115
5152.371533202861
5152.405907384302
5152.440270736015
5152.474623265576
5152.508964980548
5152.543295888489
5152.57761599695
5152.611925313469
5152.646223845581
5152.680511600807
5152.714788586668
5152.749054810668
5152.78331028031
5152.817555003083
5152.851788986474
5152.8860122379565
5152.920224765001
5152.9544265750665
5152.9886176756
5153.022798074051
5153.056967777853
5153.091126794434
5153.125275131213
5153.159412795601
5153.193539795005
5153.227656136816
5153.261761828427
5153.295856877214
5153.32994129055
5153.364015075799
5153.398078240319
5153.432130791454
5153.466172736548
5153.500204082933
5153.534224837934
5153.568235008866
5153.602234603039
5153.636223627754
5153.670202090305
5153.704169997976
5153.738127358047
5153.7720741777875
5153.806010464456
5153.839936225314
5153.873851467603
5153.907756198564
5153.941650425427
5153.9755341554155
5154.009407395748
5154.043270153629
5154.077122436264
5154.110964250842
5154.144795604548
5154.178616504561
5154.212426958051
5154.246226972181
5154.280016554103
5154.313795710967
5154.347564449912
5154.381322778069
5154.415070702564
5154.4488082305115
5154.482535369023
5154.5162521252
5154.549958506134
5154.583654518917
5154.617340170623
5154.651015468328
5154.684680419095
5154.7183350299765
5154.751979308029
5154.78561326029
5154.819236893795
5154.852850215572
5154.886453232638
5154.920045952009
5154.953628380687
5154.987200525671
5155.020762393951
5155.0543139925085
5155.08785532832
5155.121386408354
5155.15490723957
5155.188417828923
5155.221918183357
5155.255408309811
5155.288888215219
5155.322357906505
5155.355817390583
5155.389266674364
5155.422705764754
5155.456134668642
5155.48955339292
5155.522961944469
5155.556360330162
5155.589748556863
5155.623126631434
5155.656494560728
5155.6898523515865
5155.72320001085
5155.756537545347
5155.789864961903
5155.823182267333
5155.856489468447
5155.8897865720455
5155.923073584926
5155.956350513875
5155.989617365673
5156.0228741470955
5156.056120864906
5156.089357525868
5156.12258413673
5156.155800704242
5156.189007235141
5156.222203736159
5156.255390214019
5156.288566675439
5156.321733127132
5156.354889575799
5156.388036028137
5156.421172490838
5156.454298970584
5156.487415474048
5156.520522007902
5156.55361857881
5156.586705193423
5156.619781858391
5156.6528485803565
5156.685905365953
5156.718952221808
5156.7519891545435
5156.785016170773
5156.818033277103
5156.851040480134
5156.884037786461
5156.91702520267
5156.95000273534
5156.9829703910455
5157.015928176353
5157.048876097821
5157.081814162006
5157.114742375449
5157.147660744692
5157.180569276267
5157.213467976702
5157.246356852515
5157.279235910218
5157.3121051563185
5157.344964597313
5157.377814239696
5157.410654089954
5157.443484154565
5157.476304440004
5157.509114952733
5157.541915699213
5157.574706685899
5157.607487919235
5157.640259405658
5157.673021151607
5157.705773163505
5157.738515447772
5157.771248010821
5157.80397085906
5157.836683998887
5157.869387436697
5157.902081178876
5157.934765231807
5157.967439601864
5158.000104295412
5158.032759318813
5158.065404678423
5158.098040380589
5158.130666431653
5158.163282837951
5158.195889605808
5158.228486741552
5158.261074251495
5158.293652141949
5158.326220419216
5158.358779089594
5158.3913281593705
5158.42386763483
5158.456397522254
5158.48891782791
5158.521428558062
5158.5539297189725
5158.586421316892
5158.618903358064
5158.651375848732
5158.683838795125
5158.716292203473
5158.748736079997
5158.781170430909
5158.813595262419
5158.846010580728
5158.878416392031
5158.910812702518
5158.943199518372
5158.975576845769
5159.007944690883
5159.040303059874
5159.0726519589025
5159.10499139412
5159.137321371673
5159.169641897699
5159.201952978333
5159.234254619702
5159.266546827928
5159.298829609124
5159.331102969401
5159.36336691486
5159.3956214516
5159.427866585707
5159.46010232327
5159.492328670365
5159.524545633063
5159.556753217433
5159.588951429534
5159.621140275417
5159.653319761134
5159.685489892724
5159.717650676224
5159.749802117664
5159.781944223068
5159.814076998454
5159.846200449829
5159.878314583206
5159.910419404579
5159.942514919945
5159.97460113529
5160.006678056598
5160.038745689841
5160.070804040991
5160.102853116014
5160.1348929208625
5160.166923461495
5160.198944743853
5160.230956773879
5160.262959557507
5160.294953100663
5160.326937409274
5160.358912489253
5160.390878346512
5160.422834986955
5160.454782416485
5160.486720640991
5160.518649666359
5160.550569498476
5160.582480143214
5160.614381606443
5160.646273894028
5160.678157011828
5160.7100309656935
5160.741895761473
5160.773751405006
5160.805597902129
5160.837435258669
5160.869263480453
5160.901082573296
5160.932892543011
5160.964693395405
5160.996485136279
5161.028267771427
5161.0600413066395
5161.0918057477
5161.123561100383
5161.1553073704645
5161.18704456371
5161.218772685879
5161.250491742728
5161.282201740007
5161.313902683458
5161.345594578821
5161.377277431827
5161.408951248203
5161.440616033674
5161.472271793951
5161.503918534746
5161.535556261763
5161.567184980702
5161.598804697256
5161.630415417112
5161.6620171459535
5161.693609889456
5161.725193653291
5161.756768443124
5161.7883342646155
5161.819891123419
5161.851439025184
5161.882977975554
5161.9145079801665
5161.946029044656
5161.977541174646
5162.009044375759
5162.040538653614
5162.072024013817
5162.103500461977
5162.134968003691
5162.166426644553
5162.197876390155
5162.229317246077
5162.260749217897
5162.292172311188
5162.323586531518
5162.354991884447
5162.386388375531
5162.417776010323
5162.449154794367
5162.480524733203
5162.511885832365
5162.543238097384
5162.574581533783
5162.605916147079
5162.637241942789
5162.668558926416
5162.699867103467
5162.731166479438
5162.762457059818
5162.793738850098
5162.825011855756
5162.856276082271
5162.88753153511
5162.918778219741
5162.9500161416245
5162.981245306215
5163.012465718962
5163.043677385307
5163.074880310693
5163.106074500554
5163.137259960316
5163.168436695404
5163.199604711237
5163.230764013227
5163.261914606781
5163.293056497304
5163.32418969019
5163.355314190834
5163.386430004622
5163.417537136936
5163.448635593152
5163.479725378644
5163.510806498775
5163.54187895891
5163.572942764402
5163.603997920603
5163.635044432859
5163.666082306512
5163.697111546895
5163.728132159341
5163.759144149174
5163.790147521715
5163.821142282278
5163.852128436174
5163.883105988709
5163.914074945182
5163.945035310888
5163.975987091119
5164.006930291155
5164.037864916282
5164.068790971769
5164.099708462891
5164.130617394908
5164.161517773083
5164.192409602669
5164.223292888918
5164.254167637071
5164.285033852371
5164.315891540052
5164.346740705344
5164.37758135347
5164.408413489653
5164.439237119105
5164.470052247037
5164.500858878653
5164.531657019156
5164.56244667374
5164.593227847593
5164.624000545903
5164.654764773848
5164.685520536606
5164.716267839346
5164.747006687234
5164.77773708543
5164.808459039093
5164.83917255337
5164.8698776334095
5164.900574284352
5164.931262511336
5164.961942319491
5164.992613713945
5165.023276699817
5165.0539312822275
5165.084577466288
5165.115215257106
5165.145844659783
5165.176465679418
5165.207078321105
5165.237682589927
5165.268278490977
5165.298866029324
5165.329445210047
5165.360016038216
5165.390578518893
5165.421132657136
5165.4516784580055
5165.482215926546
5165.512745067807
5165.543265886826
5165.573778388641
5165.604282578282
5165.634778460776
5165.665266041145
5165.695745324407
5165.726216315571
5165.756679019651
5165.787133441642
5165.817579586548
5165.8480174593615
5165.87844706507
5165.90886840866
5165.939281495109
5165.969686329393
5166.000082916485
5166.030471261345
5166.0608513689385
5166.0912232442215
5166.121586892144
5166.151942317656
5166.182289525698
5166.212628521208
5166.242959309121
5166.273281894365
5166.303596281864
5166.333902476538
5166.364200483304
5166.394490307067
5166.424771952739
5166.4550454252185
5166.485310729403
5166.515567870185
5166.545816852451
5166.576057681085
5166.606290360969
5166.636514896973
5166.666731293966
5166.696939556817
5166.727139690385
5166.757331699527
5166.7875155890915
5166.81769136393
5166.847859028881
5166.878018588787
5166.9081700484785
5166.938313412787
5166.9684486865335
5166.998575874544
5167.02869498163
5167.058806012606
5167.088908972276
5167.119003865446
5167.149090696912
5167.1791694714675
5167.2092401939035
5167.239302869005
5167.269357501551
5167.299404096317
5167.329442658076
5167.3594731915955
5167.389495701639
5167.419510192965
5167.449516670327
5167.479515138475
5167.509505602155
5167.539488066106
5167.569462535067
5167.59942901377
5167.629387506945
5167.659338019313
5167.689280555592
5167.719215120501
5167.749141718749
5167.779060355043
5167.808971034084
5167.838873760573
5167.868768539199
5167.898655374653
5167.928534271623
5167.958405234785
5167.98826826882
5168.018123378398
5168.0479705681855
5168.077809842849
5168.107641207045
5168.137464665431
5168.167280222658
5168.19708788337
5168.226887652209
5168.256679533819
5168.28646353283
5168.316239653871
5168.346007901569
5168.375768280544
5168.405520795417
5168.435265450796
5168.465002251292
5168.494731201508
5168.524452306049
5168.554165569507
5168.583870996474
5168.61356859154
5168.643258359288
5168.6729403042955
5168.70261443114
5168.7322807443925
5168.761939248621
5168.791589948386
5168.82123284825
5168.850867952765
5168.88049526648
5168.9101147939455
5168.939726539701
5168.969330508287
5168.9989267042365
5169.028515132079
5169.058095796341
5169.087668701545
5169.117233852207
5169.146791252844
5169.176340907963
5169.20588282207
5169.235416999667
5169.264943445251
5169.294462163317
5169.323973158353
5169.353476434843
5169.382971997272
5169.412459850115
5169.441939997845
5169.471412444931
5169.50087719584
5169.530334255032
5169.559783626964
5169.589225316091
5169.61865932686
5169.648085663718
5169.677504331105
5169.706915333457
5169.736318675211
5169.765714360792
5169.79510239463
5169.824482781142
5169.853855524749
5169.883220629863
5169.912578100892
5169.941927942243
5169.9712701583185
5170.0006047535135
5170.029931732224
5170.059251098841
5170.088562857748
5170.117867013327
5170.147163569959
5170.176452532014
5170.205733903865
5170.235007689877
5170.264273894415
5170.293532521835
5170.322783576494
5170.3520270627405
5170.381262984923
5170.410491347383
5170.4397121544625
5170.468925410495
5170.498131119813
5170.527329286742
5170.556519915608
5170.585703010732
5170.614878576427
5170.644046617009
5170.6732071367815
5170.702360140055
5170.731505631127
5170.760643614293
5170.7897740938515
5170.818897074088
5170.848012559289
5170.877120553735
5170.9062210617085
5170.935314087477
5170.964399635319
5170.993477709495
5171.02254831427
5171.051611453903
5171.080667132651
5171.109715354763
5171.138756124488
5171.167789446073
5171.196815323753
5171.22583376177
5171.254844764353
5171.283848335733
5171.312844480136
5171.341833201782
5171.37081450489
5171.399788393675
5171.428754872349
5171.457713945113
5171.486665616178
5171.515609889737
5171.544546769989
5171.573476261128
5171.6023983673385
5171.6313130928065
5171.660220441716
5171.689120418241
5171.718013026556
5171.74689827083
5171.775776155234
5171.804646683926
5171.833509861067
5171.862365690814
5171.891214177316
5171.920055324724
5171.94888913718
5171.977715618827
5172.0065347738
5172.035346606236
5172.064151120264
5172.092948320011
5172.121738209597
5172.150520793143
5172.179296074767
5172.208064058578
5172.236824748686
5172.265578149196
5172.294324264209
5172.323063097823
5172.351794654133
5172.380518937228
5172.409235951195
5172.4379457001205
5172.466648188083
5172.4953434191575
5172.524031397418
5172.552712126934
5172.581385611772
5172.610051855993
5172.638710863655
5172.667362638816
5172.696007185526
5172.724644507834
5172.753274609781
5172.781897495415
5172.810513168769
5172.839121633878
5172.867722894774
5172.896316955482
5172.924903820026
5172.953483492427
5172.982055976703
5173.010621276867
5173.039179396925
5173.067730340889
5173.096274112758
5173.124810716531
5173.1533401562065
5173.1818624357775
5173.210377559229
5173.238885530553
5173.267386353723
5173.295880032725
5173.324366571531
5173.352845974114
5173.381318244443
5173.409783386483
5173.438241404192
5173.466692301533
5173.495136082459
5173.52357275092
5173.552002310867
5173.580424766242
5173.608840120987
5173.637248379039
5173.665649544336
5173.694043620804
5173.7224306123735
5173.75081052297
5173.779183356512
5173.807549116918
5173.835907808102
5173.864259433976
5173.892603998448
5173.920941505419
5173.9492719587915
5173.977595362465
5174.00591172033
5174.03422103628
5174.062523314201
5174.090818557979
5174.119106771494
5174.147387958622
5174.175662123239
5174.203929269215
5174.232189400418
5174.260442520713
5174.28868863396
5174.316927744017
5174.345159854739
5174.373384969976
5174.401603093575
5174.429814229385
5174.458018381242
5174.486215552987
5174.514405748455
5174.542588971476
5174.570765225878
5174.5989345154885
5174.627096844126
5174.65525221561
5174.6834006337585
5174.711542102379
5174.739676625285
5174.767804206277
5174.795924849162
5174.824038557735
5174.852145335794
5174.8802451871325
5174.908338115538
5174.936424124798
5174.9645032186945
5174.992575401006
5175.020640675514
5175.048699045988
5175.076750516197
5175.104795089911
5175.1328327708925
5175.160863562903
5175.188887469698
5175.216904495033
5175.244914642661
5175.272917916326
5175.300914319778
5175.328903856753
5175.356886530993
5175.384862346232
5175.412831306202
5175.440793414633
5175.46874867525
5175.496697091776
5175.524638667931
5175.552573407432
5175.58050131399
5175.608422391316
5175.636336643119
5175.664244073101
5175.692144684966
5175.720038482406
5175.74792546912
5175.7758056488
5175.803679025132
5175.831545601801
5175.859405382493
5175.887258370883
5175.915104570649
5175.942943985464
5175.970776618999
5175.998602474917
5176.026421556887
5176.054233868565
5176.08203941361
5176.109838195679
5176.137630218422
5176.165415485484
5176.193194000516
5176.220965767158
5176.248730789049
5176.276489069826
5176.30424061312
5176.331985422565
5176.359723501786
5176.387454854405
5176.415179484047
5176.4428973943295
5176.470608588866
5176.498313071268
5176.526010845146
5176.5537019141075
5176.581386281751
5176.6090639516815
5176.636734927494
5176.664399212783
5176.692056811138
5176.719707726148
5176.7473519614
5176.774989520472
5176.802620406947
5176.830244624401
5176.8578621764045
5176.885473066528
5176.913077298343
5176.940674875408
5176.96826580129
5176.995850079543
5177.023427713725
5177.050998707387
5177.078563064079
5177.106120787349
5177.133671880738
5177.161216347789
5177.188754192039
5177.216285417024
5177.243810026273
5177.271328023319
5177.298839411686
5177.3263441948975
5177.353842376474
5177.381333959931
5177.408818948786
5177.436297346551
5177.463769156732
5177.491234382835
5177.518693028366
5177.546145096821
5177.5735905917
5177.601029516496
5177.628461874701
5177.655887669803
5177.683306905289
5177.710719584642
5177.738125711338
5177.765525288859
5177.792918320675
5177.8203048102605
5177.847684761084
5177.875058176608
5177.902425060298
5177.929785415615
5177.957139246012
5177.984486554948
5178.01182734587
5178.0391616222305
5178.066489387473
5178.093810645041
5178.1211253983765
5178.148433650912
5178.175735406088
5178.203030667331
5178.230319438074
5178.257601721741
5178.284877521755
5178.3121468415375
5178.339409684507
5178.366666054077
5178.393915953659
5178.421159386663
5178.448396356497
5178.475626866562
5178.502850920263
5178.530068520993
5178.557279672153
5178.584484377131
5178.61168263932
5178.638874462105
5178.6660598488725
5178.693238803002
5178.720411327875
5178.747577426864
5178.774737103346
5178.801890360689
5178.829037202262
5178.856177631433
5178.883311651559
5178.910439266002
5178.937560478121
5178.964675291268
5178.991783708795
5179.018885734052
5179.045981370383
5179.073070621131
5179.1001534896395
5179.127229979245
5179.154300093284
5179.181363835086
5179.208421207984
5179.235472215304
5179.262516860369
5179.289555146503
5179.3165870770235
5179.343612655249
5179.370631884492
5179.397644768061
5179.4246513092685
5179.451651511418
5179.478645377814
5179.505632911754
5179.532614116539
5179.559588995464
5179.586557551817
5179.613519788892
5179.640475709974
5179.66742531835
5179.694368617299
5179.721305610101
5179.748236300034
5179.775160690369
5179.80207878438
5179.828990585333
5179.8558960964965
5179.882795321133
5179.909688262501
5179.9365749238605
5179.963455308469
5179.9903294195765
5180.017197260434
5180.044058834289
5180.070914144387
5180.097763193971
5180.124605986279
5180.15144252455
5180.178272812017
5180.205096851913
5180.231914647467
5180.258726201909
5180.285531518458
5180.312330600339
5180.339123450771
5180.365910072969
5180.392690470148
5180.419464645521
5180.446232602295
5180.472994343675
5180.499749872868
5180.526499193073
5180.553242307489
5180.579979219312
5180.606709931735
5180.633434447951
5180.6601527711455
5180.686864904506
5180.713570851218
5180.740270614458
5180.766964197408
5180.793651603241
5180.82033283513
5180.847007896248
5180.8736767897635
5180.900339518839
5180.9269960866395
5180.953646496326
5180.980290751057
5181.006928853986
5181.033560808266
5181.06018661705
5181.086806283487
5181.1134198107175
5181.140027201889
5181.16662846014
5181.19322358861
5181.219812590434
5181.246395468745
5181.272972226672
5181.299542867347
5181.326107393893
5181.352665809432
5181.3792181170875
5181.405764319978
5181.432304421216
5181.458838423918
5181.485366331194
5181.511888146152
5181.538403871897
5181.5649135115345
5181.591417068165
5181.617914544887
5181.644405944796
5181.670891270986
5181.697370526549
5181.723843714574
5181.750310838146
5181.77677190035
5181.803226904266
5181.829675852977
5181.856118749557
5181.882555597079
5181.9089863986155
5181.935411157238
5181.961829876012
5181.988242558003
5182.014649206272
5182.04104982388
5182.067444413883
5182.093832979337
5182.120215523294
5182.146592048806
5182.172962558919
5182.199327056678
5182.225685545129
5182.252038027308
5182.278384506257
5182.30472498501
5182.331059466602
5182.357387954062
5182.383710450419
5182.410026958703
5182.436337481935
5182.462642023136
5182.488940585328
5182.515233171524
5182.541519784742
5182.5678004279935
5182.594075104287
5182.620343816631
5182.6466065680315
5182.67286336149
5182.699114200006
5182.72535908658
5182.751598024206
5182.77783101588
5182.804058064589
5182.830279173327
5182.856494345075
5182.882703582819
5182.908906889542
5182.935104268225
5182.9612957218405
5182.987481253368
5183.013660865779
5183.039834562038
5183.066002345121
5183.09216421799
5183.118320183608
5183.144470244938
5183.170614404936
5183.196752666559
5183.222885032762
5183.2490115064975
5183.275132090714
5183.301246788357
5183.327355602375
5183.35345853571
5183.379555591299
5183.405646772084
5183.431732080999
5183.457811520977
5183.48388509495
5183.509952805848
5183.536014656598
5183.562070650123
5183.588120789344
5183.614165077185
5183.64020351656
5183.666236110387
5183.692262861578
5183.7182837730425
5183.744298847691
5183.77030808843
5183.796311498165
5183.822309079795
5183.848300836221
5183.874286770342
5183.900266885052
5183.926241183243
5183.952209667809
5183.9781723416345
5184.004129207609
5184.030080268616
5184.056025527535
5184.081964987249
5184.107898650635
5184.133826520567
5184.159748599919
5184.185664891561
5184.2115753983635
5184.237480123191
5184.263379068907
5184.289272238376
5184.315159634458
5184.341041260008
5184.3669171178835
5184.392787210937
5184.418651542021
5184.4445101139845
5184.470362929671
5184.496209991928
5184.522051303597
5184.547886867519
5184.573716686532
5184.599540763469
5184.625359101167
5184.651171702458
5184.676978570169
5184.702779707128
5184.728575116159
5184.754364800089
5184.7801487617335
5184.805927003914
5184.831699529446
5184.857466341144
5184.883227441821
5184.908982834286
5184.9347325213475
5184.960476505811
5184.98621479048
5185.011947378153
5185.037674271634
5185.0633954737195
5185.089110987202
5185.114820814877
5185.140524959533
5185.166223423959
5185.191916210943
5185.21760332327
5185.24328476372
5185.268960535074
5185.294630640112
5185.320295081606
5185.345953862335
5185.371606985064
5185.397254452571
5185.422896267617
5185.448532432971
5185.474162951393
5185.499787825649
5185.525407058494
5185.551020652686
5185.576628610982
5185.602230936133
5185.627827630891
5185.653418698003
5185.679004140219
5185.704583960281
5185.730158160931
5185.755726744911
5185.781289714959
5185.806847073812
5185.832398824202
5185.857944968862
5185.883485510526
5185.909020451917
5185.934549795762
5185.960073544787
5185.985591701713
5186.01110426926
5186.036611250143
5186.062112647082
5186.087608462791
5186.113098699977
5186.138583361352
5186.164062449624
5186.189535967498
5186.215003917679
5186.2404663028665
5186.26592312576
5186.2913743890595
5186.316820095458
5186.342260247648
5186.3676948483235
5186.393123900172
5186.418547405882
5186.443965368139
5186.469377789624
5186.49478467302
5186.520186021007
5186.545581836261
5186.570972121457
5186.596356879269
5186.621736112367
5186.647109823422
5186.6724780151
5186.697840690069
5186.723197850987
5186.748549500519
5186.773895641325
5186.79923627606
5186.824571407377
5186.849901037937
5186.8752251703845
5186.90054380737
5186.925856951545
5186.951164605548
5186.97646677203
5187.001763453625
5187.027054652978
5187.052340372724
5187.0776206155
5187.102895383938
5187.128164680671
5187.153428508328
5187.178686869537
5187.203939766923
5187.229187203109
5187.254429180719
5187.279665702374
5187.304896770688
5187.330122388279
5187.355342557762
5187.380557281746
5187.405766562846
5187.430970403666
5187.456168806814
5187.481361774894
5187.5065493105085
5187.531731416257
5187.556908094741
5187.582079348555
5187.607245180294
5187.63240559255
5187.657560587914
5187.682710168978
5187.707854338324
5187.732993098542
5187.758126452212
5187.783254401916
5187.808376950233
5187.833494099742
5187.858605853018
5187.883712212633
5187.908813181162
5187.933908761172
5187.958998955231
5187.9840837659085
5188.009163195765
5188.034237247364
5188.059305923266
5188.084369226029
5188.1094271582115
5188.134479722365
5188.159526921045
5188.184568756802
5188.209605232183
5188.234636349737
5188.259662112013
5188.284682521547
5188.309697580886
5188.334707292567
5188.35971165913
5188.38471068311
5188.409704367041
5188.434692713455
5188.459675724883
5188.4846534038525
5188.50962575289
5188.534592774525
5188.559554471274
5188.5845108456615
5188.609461900207
5188.634407637426
5188.659348059836
5188.68428316995
5188.70921297028
5188.734137463336
5188.7590566516255
5188.7839705376555
5188.8088791239325
5188.833782412955
5188.858680407227
5188.883573109249
5188.908460521512
5188.933342646519
5188.958219486759
5188.9830910447245
5189.007957322907
5189.032818323792
5189.057674049868
5189.0825245036185
5189.1073696875255
5189.132209604072
5189.157044255736
5189.181873644993
5189.206697774321
5189.231516646193
5189.256330263081
5189.281138627453
5189.305941741781
5189.330739608527
5189.355532230159
5189.380319609139
5189.405101747926
5189.4298786489835
5189.454650314767
5189.4794167477285
5189.504177950328
5189.528933925014
5189.553684674237
5189.578430200448
5189.60317050609
5189.627905593611
5189.6526354654525
5189.677360124058
5189.702079571865
5189.726793811314
5189.751502844839
5189.776206674875
5189.800905303854
5189.825598734207
5189.850286968365
5189.874970008754
5189.899647857797
5189.924320517923
5189.948987991552
5189.973650281102
5189.998307388994
5190.022959317646
5190.047606069468
5190.07224764688
5190.096884052289
5190.121515288106
5190.1461413567395
5190.170762260596
5190.195378002079
5190.2199885835935
5190.2445940075395
5190.269194276316
5190.293789392321
5190.31837935795
5190.3429641756
5190.367543847659
5190.392118376521
5190.416687764576
5190.44125201421
5190.465811127806
5190.490365107751
5190.514913956427
5190.5394576762155
5190.563996269492
5190.588529738637
5190.613058086023
5190.637581314027
5190.662099425017
5190.6866124213675
5190.711120305444
5190.735623079614
5190.760120746244
5190.784613307696
5190.809100766333
5190.833583124513
5190.858060384597
5190.882532548941
5190.906999619899
5190.9314615998255
5190.95591849107
5190.980370295986
5191.004817016919
5191.029258656217
5191.053695216225
5191.078126699284
5191.1025531077385
5191.126974443925
5191.151390710186
5191.175801908857
5191.20020804227
5191.224609112763
5191.249005122661
5191.2733960743
5191.297781970005
5191.322162812105
5191.346538602922
5191.370909344781
5191.395275040001
5191.419635690909
5191.443991299815
5191.46834186904
5191.492687400899
5191.517027897705
5191.541363361768
5191.565693795399
5191.5900192009085
5191.614339580601
5191.638654936783
5191.662965271757
5191.687270587824
5191.711570887286
5191.735866172441
5191.760156445585
5191.784441709016
5191.808721965025
5191.8329972159045
5191.857267463948
5191.88153271144
5191.90579296067
5191.930048213923
5191.9542984734835
5191.978543741634
5192.002784020654
5192.027019312824
5192.051249620422
5192.07547494572
5192.099695290997
5192.123910658524
5192.148121050572
5192.172326469409
5192.196526917306
5192.220722396527
5192.244912909337
5192.269098457999
5192.293279044775
5192.317454671925
5192.341625341705
5192.365791056376
5192.38995181819
5192.414107629399
5192.43825849226
5192.46240440902
5192.486545381927
5192.51068141323
5192.534812505172
5192.558938660001
5192.583059879957
5192.607176167281
5192.631287524212
5192.655393952987
5192.679495455846
5192.703592035019
5192.727683692741
5192.751770431244
5192.775852252756
5192.799929159507
5192.824001153721
5192.848068237627
5192.872130413446
5192.8961876834
5192.920240049711
5192.944287514597
5192.968330080275
5192.992367748961
5193.01640052287
5193.040428404213
5193.064451395204
5193.0884694980505
5193.11248271496
5193.13649104814
5193.160494499796
5193.184493072131
5193.208486767346
5193.23247558764
5193.256459535217
5193.280438612269
5193.304412820994
5193.328382163587
5193.352346642238
5193.376306259142
5193.400261016485
5193.424210916457
5193.448155961242
5193.472096153029
5193.496031493999
5193.519961986334
5193.543887632215
5193.5678084338215
5193.591724393328
5193.615635512917
5193.639541794754
5193.663443241018
5193.687339853879
5193.711231635508
5193.73511858807
5193.759000713735
5193.782878014666
5193.806750493028
5193.830618150984
5193.854480990693
5193.878339014316
5193.902192224011
5193.926040621933
5193.949884210237
5193.973722991077
5193.997556966604
5194.021386138968
5194.045210510321
5194.069030082807
5194.092844858573
5194.116654839762
5194.1404600285205
5194.164260426986
5194.188056037301
5194.211846861602
5194.2356329020295
5194.259414160713
5194.283190639792
5194.306962341397
5194.330729267657
5194.354491420706
5194.378248802669
5194.402001415674
5194.425749261846
5194.449492343308
5194.473230662182
5194.496964220591
5194.5206930206505
5194.544417064482
5194.568136354201
5194.591850891921
5194.6155606797565
5194.639265719821
5194.662966014223
5194.686661565071
5194.7103523744745
5194.734038444539
5194.75771977737
5194.781396375069
5194.805068239739
5194.828735373482
5194.852397778394
5194.876055456575
5194.899708410119
5194.923356641122
5194.947000151678
5194.970638943878
5194.994273019811
5195.017902381568
5195.041527031234
5195.065146970898
5195.088762202642
5195.11237272855
5195.135978550707
5195.159579671187
5195.183176092074
5195.206767815444
5195.230354843373
5195.253937177935
5195.277514821203
5195.301087775252
5195.324656042148
5195.348219623961
5195.37177852276
5195.395332740612
5195.41888227958
5195.442427141728
5195.465967329117
5195.489502843808
5195.51303368786
5195.536559863331
5195.560081372277
5195.583598216753
5195.6071103988115
5195.630617920507
5195.654120783887
5195.677618991003
5195.701112543904
5195.724601444634
5195.748085695238
5195.771565297762
5195.795040254246
5195.818510566732
5195.841976237259
5195.865437267866
5195.888893660589
5195.912345417463
5195.935792540523
5195.959235031802
5195.982672893329
5196.006106127135
5196.02953473525
5196.052958719699
5196.07637808251
5196.099792825705
5196.123202951307
5196.146608461339
5196.170009357821
5196.193405642772
5196.216797318207
5196.240184386144
5196.2635668486
5196.286944707585
5196.31031796511
5196.333686623189
5196.357050683831
5196.380410149045
5196.403765020831
5196.427115301202
5196.450460992158
5196.473802095703
5196.497138613835
5196.520470548558
5196.543797901868
5196.5671206757615
5196.590438872236
5196.6137524932865
5196.637061540903
5196.660366017081
5196.683665923807
5196.706961263073
5196.730252036866
5196.753538247171
5196.776819895974
5196.800096985259
5196.823369517008
5196.8466374932
5196.869900915819
5196.89315978684
5196.916414108242
5196.939663881999
5196.962909110085
5196.986149794474
5197.009385937138
5197.032617540047
5197.05584460517
5197.079067134474
5197.102285129926
5197.125498593493
5197.148707527135
5197.171911932816
5197.195111812498
5197.21830716814
5197.241498001702
5197.264684315138
5197.287866110405
5197.31104338946
5197.334216154254
5197.357384406739
5197.380548148866
5197.403707382585
5197.426862109843
5197.450012332586
5197.4731580527605
5197.496299272311
5197.519435993179
5197.542568217307
5197.565695946636
5197.588819183104
5197.6119379286465
5197.635052185203
5197.658161954707
5197.681267239093
5197.704368040292
5197.727464360237
5197.7505562008555
5197.773643564078
5197.796726451832
5197.8198048660415
5197.842878808634
5197.86594828153
5197.889013286653
5197.912073825925
5197.935129901263
5197.9581815145875
5197.981228667815
5198.004271362862
5198.02730960164
5198.050343386065
5198.073372718048
5198.096397599501
5198.119418032331
5198.142434018447
5198.165445559755
5198.188452658164
5198.211455315576
5198.234453533893
5198.257447315019
5198.280436660853
5198.303421573296
5198.326402054242
5198.349378105592
5198.372349729239
5198.395316927081
5198.418279701006
5198.441238052908
5198.464191984677
5198.487141498203
5198.510086595373
5198.533027278075
5198.555963548194
5198.578895407613
5198.601822858217
5198.624745901886
5198.647664540502
5198.670578775941
5198.693488610086
5198.716394044811
5198.73929508199
5198.7621917235
5198.785083971212
5198.807971827001
5198.830855292734
5198.853734370282
5198.876609061512
5198.899479368291
5198.922345292487
5198.945206835964
5198.968064000582
5198.990916788204
5199.013765200694
5199.036609239906
5199.059448907705
5199.0822842059415
5199.105115136475
5199.127941701159
5199.150763901849
5199.173581740393
5199.196395218648
5199.219204338458
5199.242009101674
5199.264809510141
5199.287605565709
5199.310397270219
5199.33318462552
5199.355967633447
5199.378746295848
5199.40152061456
5199.424290591423
5199.447056228272
5199.469817526946
5199.492574489278
5199.515327117106
5199.538075412259
5199.560819376571
5199.583559011869
5199.606294319986
5199.629025302747
5199.651751961983
5199.674474299515
5199.69719231717
5199.719906016771
5199.742615400139
5199.765320469098
5199.788021225461
5199.810717671054
5199.833409807689
5199.856097637185
5199.878781161355
5199.901460382015
5199.924135300976
5199.946805920049
5199.969472241045
5199.992134265774
5200.014791996042
5200.037445433655
5200.060094580422
5200.082739438142
5200.105380008624
5200.128016293666
5200.15064829507
5200.173276014636
5200.19589945416
5200.218518615443
5200.241133500279
5200.263744110462
5200.286350447787
5200.308952514046
5200.3315503110325
5200.354143840535
5200.376733104342
5200.3993181042415
5200.421898842022
5200.444475319467
5200.467047538364
5200.489615500492
5200.512179207634
5200.534738661575
5200.557293864093
5200.579844816963
5200.602391521968
5200.62493398088
5200.647472195476
5200.67000616753
5200.692535898816
5200.7150613911035
5200.737582646165
5200.7600996657675
5200.782612451682
5200.8051210056765
5200.827625329514
5200.850125424961
5200.872621293781
5200.895112937736
5200.917600358585
5200.940083558097
5200.962562538021
5200.985037300123
5201.007507846156
5201.029974177875
5201.052436297036
5201.074894205394
5201.097347904699
5201.119797396705
5201.142242683158
5201.16468376581
5201.187120646409
5201.209553326701
5201.231981808432
5201.254406093345
5201.276826183187
5201.299242079695
5201.321653784615
5201.344061299684
5201.366464626642
5201.388863767228
5201.411258723177
5201.4336494962245
5201.456036088105
5201.478418500553
5201.500796735299
5201.523170794077
5201.545540678613
5201.56790639064
5201.590267931882
5201.612625304068
5201.634978508924
5201.657327548171
5201.679672423537
5201.702013136742
5201.724349689506
5201.746682083552
5201.769010320596
5201.791334402356
5201.81365433055
5201.835970106893
5201.858281733102
5201.880589210886
5201.90289254196
5201.925191728035
5201.947486770821
5201.969777672027
5201.992064433361
5202.014347056531
5202.036625543241
5202.058899895196
5202.0811701141
5202.103436201656
5202.125698159565
5202.147955989528
5202.170209693241
5202.192459272407
5202.214704728721
5202.236946063878
5202.259183279572
5202.281416377502
5202.303645359356
5202.325870226826
5202.348090981604
5202.3703076253805
5202.392520159842
5202.414728586677
5202.436932907572
5202.45913312421
5202.481329238279
5202.503521251458
5202.525709165432
5202.54789298188
5202.570072702482
5202.5922483289205
5202.61441986287
5202.636587306007
5202.658750660007
5202.6809099265465
5202.703065107296
5202.725216203933
5202.747363218124
5202.7695061515415
5202.791645005854
5202.8137797827285
5202.8359104838355
5202.858037110839
5202.880159665405
5202.902278149196
5202.924392563875
5202.946502911105
5202.968609192548
5202.9907114098605
5203.012809564703
5203.034903658734
5203.056993693608
5203.079079670983
5203.101161592513
5203.123239459848
5203.145313274647
5203.167383038557
5203.189448753227
5203.21151042031
5203.233568041453
5203.255621618302
5203.277671152504
5203.299716645705
5203.321758099548
5203.343795515678
5203.365828895733
5203.38785824136
5203.409883554194
5203.431904835875
5203.4539220880415
5203.47593531233
5203.497944510379
5203.519949683819
5203.5419508342875
5203.563947963414
5203.585941072832
5203.607930164172
5203.629915239065
5203.651896299138
5203.673873346019
5203.695846381334
5203.7178154067105
5203.739780423772
5203.761741434142
5203.783698439443
5203.805651441296
5203.827600441322
5203.84954544114
5203.871486442371
5203.893423446631
5203.9153564555345
5203.937285470699
5203.9592104937365
5203.981131526265
5204.0030485698935
5204.024961626233
5204.046870696897
5204.06877578349
5204.090676887626
5204.112574010909
5204.134467154945
5204.15635632134
5204.1782415117
5204.200122727625
5204.221999970723
5204.243873242589
5204.265742544826
5204.287607879035
5204.309469246812
5204.331326649754
5204.353180089461
5204.3750295675245
5204.39687508554
5204.418716645101
5204.440554247801
5204.462387895231
5204.484217588978
5204.506043330636
5204.527865121791
5204.5496829640315
5204.571496858944
5204.593306808112
5204.615112813123
5204.636914875558
5204.658712997
5204.680507179031
5204.702297423231
5204.724083731181
5204.7458661044575
5204.767644544639
5204.789419053303
5204.811189632024
5204.832956282378
5204.854719005936
5204.876477804272
5204.898232678959
5204.9199836315665
5204.941730663665
5204.963473776822
5204.985212972607
5205.006948252585
5205.028679618323
5205.050407071386
5205.072130613337
5205.093850245741
5205.115565970157
5205.13727778815
5205.158985701275
5205.1806897110955
5205.202389819167
5205.224086027049
5205.245778336296
5205.2674667484625
5205.289151265105
5205.310831887776
5205.332508618027
5205.354181457409
5205.375850407476
5205.397515469773
5205.41917664585
5205.440833937256
5205.462487345537
5205.484136872237
5205.505782518903
5205.527424287077
5205.549062178304
5205.570696194124
5205.592326336078
5205.613952605707
5205.635575004549
5205.6571935341435
5205.678808196026
5205.7004189917325
5205.7220259228
5205.74362899076
5205.76522819715
5205.786823543499
5205.808415031339
5205.830002662202
5205.851586437615
5205.873166359111
5205.894742428211
5205.916314646449
5205.937883015346
5205.959447536429
5205.981008211222
5206.002565041245
5206.0241180280245
5206.045667173078
5206.067212477929
5206.088753944094
5206.110291573092
5206.131825366442
5206.153355325659
5206.174881452259
5206.1964037477555
5206.217922213664
5206.239436851495
5206.260947662762
5206.282454648978
5206.3039578116495
5206.325457152288
5206.346952672398
5206.36844437349
5206.389932257072
5206.411416324645
5206.432896577715
5206.454373017786
5206.475845646361
5206.497314464942
5206.518779475027
5206.54024067812
5206.561698075718
5206.583151669318
5206.604601460418
5206.626047450514
5206.647489641105
5206.668928033679
5206.6903626297335
5206.71179343076
5206.733220438248
5206.754643653695
5206.776063078583
5206.797478714407
5206.818890562651
5206.840298624805
5206.861702902352
5206.883103396781
5206.904500109571
5206.925893042215
5206.947282196186
5206.968667572969
5206.990049174046
5207.011427000897
5207.032801055
5207.054171337834
5207.075537850875
5207.096900595599
5207.1182595734845
5207.139614786002
5207.160966234629
5207.1823139208345
5207.203657846092
5207.224998011875
5207.2463344196485
5207.267667070887
5207.288995967056
5207.310321109621
5207.331642500052
5207.352960139815
5207.3742740303705
5207.395584173184
5207.416890569722
5207.438193221444
5207.45949212981
5207.480787296283
5207.502078722319
5207.5233664093785
5207.544650358921
5207.5659305724
5207.587207051274
5207.608479796995
5207.62974881102
5207.651014094803
5207.672275649794
5207.693533477443
5207.714787579206
5207.736037956528
5207.7572846108615
5207.778527543651
5207.799766756345
5207.821002250392
5207.842234027234
5207.863462088318
5207.884686435085
5207.905907068981
5207.927123991446
5207.948337203922
5207.969546707849
5207.990752504665
5208.01195459581
5208.033152982722
5208.054347666837
5208.075538649589
5208.096725932417
5208.117909516751
5208.139089404029
5208.160265595677
5208.181438093133
5208.202606897825
5208.223772011182
5208.244933434633
5208.266091169608
5208.287245217533
5208.308395579835
5208.3295422579395
5208.35068525327
5208.371824567252
5208.392960201308
5208.41409215686
5208.435220435328
5208.456345038134
5208.477465966698
5208.49858322244
5208.519696806775
5208.540806721119
5208.561912966892
5208.583015545508
5208.6041144583805
5208.6252097069255
5208.646301292552
5208.667389216675
5208.6884734807045
5208.709554086053
0
