EXAMPLE of simulated propellant mass over time. These numbers are from the current version of motormathmodel_v2.py.
All values are in kilograms and are iterated for every 0.01 seconds of flight for the duration of the motor burn.
This file is ~1400 lines long. DO NOT SCROLL TO THE END, it'll be a waste of your time.
63.9396
63.9
63.8603
63.8207
63.7811
63.7414
63.7018
63.6621
63.6225
63.5828
63.5432
63.5035
63.4639
63.4242
63.3846
63.3449
63.3052
63.2656
63.2259
63.1863
63.1466
63.107
63.0673
63.0277
62.988
62.9483
62.9087
62.869
62.8294
62.7897
62.75
62.7104
62.6707
62.631
62.5914
62.5517
62.512
62.4724
62.4327
62.393
62.3534
62.3137
62.274
62.2343
62.1947
62.155
62.1153
62.0756
62.036
61.9963
61.9566
61.9169
61.8773
61.8376
61.7979
61.7582
61.7185
61.6789
61.6392
61.5995
61.5598
61.5201
61.4804
61.4408
61.4011
61.3614
61.3217
61.282
61.2423
61.2026
61.1629
61.1233
61.0836
61.0439
61.0042
60.9645
60.9248
60.8851
60.8454
60.8057
60.766
60.7263
60.6866
60.6469
60.6072
60.5675
60.5278
60.4881
60.4484
60.4087
60.369
60.3293
60.2896
60.2499
60.2102
60.1705
60.1308
60.0911
60.0514
60.0117
59.972
59.9322
59.8925
59.8528
59.8131
59.7734
59.7337
59.694
59.6543
59.6145
59.5748
59.5351
59.4954
59.4557
59.416
59.3762
59.3365
59.2968
59.2571
59.2174
59.1776
59.1379
59.0982
59.0585
59.0187
58.979
58.9393
58.8996
58.8598
58.8201
58.7804
58.7406
58.7009
58.6612
58.6215
58.5817
58.542
58.5023
58.4625
58.4228
58.383
58.3433
58.3036
58.2638
58.2241
58.1844
58.1446
58.1049
58.0651
58.0254
57.9857
57.9459
57.9062
57.8664
57.8267
57.7869
57.7472
57.7075
57.6677
57.628
57.5882
57.5485
57.5087
57.469
57.4292
57.3895
57.3497
57.31
57.2702
57.2305
57.1907
57.1509
57.1112
57.0714
57.0317
56.9919
56.9522
56.9124
56.8726
56.8329
56.7931
56.7534
56.7136
56.6738
56.6341
56.5943
56.5546
56.5148
56.475
56.4353
56.3955
56.3557
56.316
56.2762
56.2364
56.1966
56.1569
56.1171
56.0773
56.0376
55.9978
55.958
55.9182
55.8785
55.8387
55.7989
55.7591
55.7194
55.6796
55.6398
55.6
55.5602
55.5205
55.4807
55.4409
55.4011
55.3613
55.3216
55.2818
55.242
55.2022
55.1624
55.1226
55.0828
55.0431
55.0033
54.9635
54.9237
54.8839
54.8441
54.8043
54.7645
54.7247
54.6849
54.6451
54.6053
54.5656
54.5258
54.486
54.4462
54.4064
54.3666
54.3268
54.287
54.2472
54.2074
54.1676
54.1278
54.088
54.0482
54.0084
53.9686
53.9287
53.8889
53.8491
53.8093
53.7695
53.7297
53.6899
53.6501
53.6103
53.5705
53.5307
53.4909
53.451
53.4112
53.3714
53.3316
53.2918
53.252
53.2122
53.1723
53.1325
53.0927
53.0529
53.0131
52.9732
52.9334
52.8936
52.8538
52.814
52.7741
52.7343
52.6945
52.6547
52.6148
52.575
52.5352
52.4954
52.4555
52.4157
52.3759
52.3361
52.2962
52.2564
52.2166
52.1767
52.1369
52.0971
52.0572
52.0174
51.9776
51.9377
51.8979
51.8581
51.8182
51.7784
51.7385
51.6987
51.6589
51.619
51.5792
51.5393
51.4995
51.4597
51.4198
51.38
51.3401
51.3003
51.2604
51.2206
51.1808
51.1409
51.1011
51.0612
51.0214
50.9815
50.9417
50.9018
50.862
50.8221
50.7823
50.7424
50.7026
50.6627
50.6228
50.583
50.5431
50.5033
50.4634
50.4236
50.3837
50.3438
50.304
50.2641
50.2243
50.1844
50.1445
50.1047
50.0648
50.025
49.9851
49.9452
49.9054
49.8655
49.8256
49.7858
49.7459
49.706
49.6662
49.6263
49.5864
49.5465
49.5067
49.4668
49.4269
49.3871
49.3472
49.3073
49.2674
49.2276
49.1877
49.1478
49.1079
49.0681
49.0282
48.9883
48.9484
48.9085
48.8687
48.8288
48.7889
48.749
48.7091
48.6692
48.6294
48.5895
48.5496
48.5097
48.4698
48.4299
48.39
48.3502
48.3103
48.2704
48.2305
48.1906
48.1507
48.1108
48.0709
48.031
47.9911
47.9512
47.9114
47.8715
47.8316
47.7917
47.7518
47.7119
47.672
47.6321
47.5922
47.5523
47.5124
47.4725
47.4326
47.3927
47.3528
47.3129
47.273
47.2331
47.1932
47.1533
47.1133
47.0734
47.0335
46.9936
46.9537
46.9138
46.8739
46.834
46.7941
46.7542
46.7143
46.6743
46.6344
46.5945
46.5546
46.5147
46.4748
46.4349
46.3949
46.355
46.3151
46.2752
46.2353
46.1954
46.1554
46.1155
46.0756
46.0357
45.9958
45.9558
45.9159
45.876
45.8361
45.7961
45.7562
45.7163
45.6764
45.6364
45.5965
45.5566
45.5166
45.4767
45.4368
45.3969
45.3569
45.317
45.2771
45.2371
45.1972
45.1573
45.1173
45.0774
45.0375
44.9975
44.9576
44.9177
44.8777
44.8378
44.7978
44.7579
44.718
44.678
44.6381
44.5981
44.5582
44.5183
44.4783
44.4384
44.3984
44.3585
44.3185
44.2786
44.2386
44.1987
44.1587
44.1188
44.0789
44.0389
43.999
43.959
43.9191
43.8791
43.8391
43.7992
43.7592
43.7193
43.6793
43.6394
43.5994
43.5595
43.5195
43.4796
43.4396
43.3996
43.3597
43.3197
43.2798
43.2398
43.1998
43.1599
43.1199
43.08
43.04
43.0
42.9601
42.9201
42.8801
42.8402
42.8002
42.7602
42.7203
42.6803
42.6403
42.6004
42.5604
42.5204
42.4805
42.4405
42.4005
42.3605
42.3206
42.2806
42.2406
42.2006
42.1607
42.1207
42.0807
42.0407
42.0008
41.9608
41.9208
41.8808
41.8409
41.8009
41.7609
41.7209
41.6809
41.6409
41.601
41.561
41.521
41.481
41.441
41.401
41.3611
41.3211
41.2811
41.2411
41.2011
41.1611
41.1211
41.0811
41.0412
41.0012
40.9612
40.9212
40.8812
40.8412
40.8012
40.7612
40.7212
40.6812
40.6412
40.6012
40.5612
40.5212
40.4812
40.4412
40.4012
40.3612
40.3212
40.2812
40.2412
40.2012
40.1612
40.1212
40.0812
40.0412
40.0012
39.9612
39.9212
39.8812
39.8412
39.8012
39.7612
39.7212
39.6812
39.6412
39.6011
39.5611
39.5211
39.4811
39.4411
39.4011
39.3611
39.3211
39.281
39.241
39.201
39.161
39.121
39.081
39.041
39.0009
38.9609
38.9209
38.8809
38.8409
38.8008
38.7608
38.7208
38.6808
38.6408
38.6007
38.5607
38.5207
38.4807
38.4406
38.4006
38.3606
38.3206
38.2805
38.2405
38.2005
38.1604
38.1204
38.0804
38.0404
38.0003
37.9603
37.9203
37.8802
37.8402
37.8002
37.7601
37.7201
37.6801
37.64
37.6
37.56
37.5199
37.4799
37.4398
37.3998
37.3598
37.3197
37.2797
37.2396
37.1996
37.1596
37.1195
37.0795
37.0394
36.9994
36.9593
36.9193
36.8792
36.8392
36.7992
36.7591
36.7191
36.679
36.639
36.5989
36.5589
36.5188
36.4788
36.4387
36.3987
36.3586
36.3186
36.2785
36.2384
36.1984
36.1583
36.1183
36.0782
36.0382
35.9981
35.9581
35.918
35.8779
35.8379
35.7978
35.7578
35.7177
35.6776
35.6376
35.5975
35.5575
35.5174
35.4773
35.4373
35.3972
35.3571
35.3171
35.277
35.2369
35.1969
35.1568
35.1167
35.0767
35.0366
34.9965
34.9565
34.9164
34.8763
34.8362
34.7962
34.7561
34.716
34.6759
34.6359
34.5958
34.5557
34.5156
34.4756
34.4355
34.3954
34.3553
34.3153
34.2752
34.2351
34.195
34.1549
34.1149
34.0748
34.0347
33.9946
33.9545
33.9144
33.8744
33.8343
33.7942
33.7541
33.714
33.6739
33.6338
33.5938
33.5537
33.5136
33.4735
33.4334
33.3933
33.3532
33.3131
33.273
33.2329
33.1929
33.1528
33.1127
33.0726
33.0325
32.9924
32.9523
32.9122
32.8721
32.832
32.7919
32.7518
32.7117
32.6716
32.6315
32.5914
32.5513
32.5112
32.4711
32.431
32.3909
32.3508
32.3107
32.2706
32.2305
32.1904
32.1503
32.1102
32.0701
32.0299
31.9898
31.9497
31.9096
31.8695
31.8294
31.7893
31.7492
31.7091
31.669
31.6288
31.5887
31.5486
31.5085
31.4684
31.4283
31.3882
31.348
31.3079
31.2678
31.2277
31.1876
31.1475
31.1073
31.0672
31.0271
30.987
30.9469
30.9067
30.8666
30.8265
30.7864
30.7462
30.7061
30.666
30.6259
30.5857
30.5456
30.5055
30.4654
30.4252
30.3851
30.345
30.3049
30.2647
30.2246
30.1845
30.1443
30.1042
30.0641
30.0239
29.9838
29.9437
29.9035
29.8634
29.8233
29.7831
29.743
29.7029
29.6627
29.6226
29.5824
29.5423
29.5022
29.462
29.4219
29.3818
29.3416
29.3015
29.2613
29.2212
29.181
29.1409
29.1008
29.0606
29.0205
28.9803
28.9402
28.9
28.8599
28.8197
28.7796
28.7394
28.6993
28.6591
28.619
28.5788
28.5387
28.4985
28.4584
28.4182
28.3781
28.3379
28.2978
28.2576
28.2175
28.1773
28.1372
28.097
28.0569
28.0167
27.9765
27.9364
27.8962
27.8561
27.8159
27.7757
27.7356
27.6954
27.6553
27.6151
27.5749
27.5348
27.4946
27.4545
27.4143
27.3741
27.334
27.2938
27.2536
27.2135
27.1733
27.1331
27.093
27.0528
27.0126
26.9725
26.9323
26.8921
26.8519
26.8118
26.7716
26.7314
26.6913
26.6511
26.6109
26.5707
26.5306
26.4904
26.4502
26.41
26.3699
26.3297
26.2895
26.2493
26.2091
26.169
26.1288
26.0886
26.0484
26.0082
25.9681
25.9279
25.8877
25.8475
25.8073
25.7671
25.727
25.6868
25.6466
25.6064
25.5662
25.526
25.4858
25.4457
25.4055
25.3653
25.3251
25.2849
25.2447
25.2045
25.1643
25.1241
25.084
25.0438
25.0036
24.9634
24.9232
24.883
24.8428
24.8026
24.7624
24.7222
24.682
24.6418
24.6016
24.5614
24.5212
24.481
24.4408
24.4006
24.3604
24.3202
24.28
24.2398
24.1996
24.1594
24.1192
24.079
24.0388
23.9986
23.9584
23.9182
23.878
23.8378
23.7976
23.7574
23.7171
23.6769
23.6367
23.5965
23.5563
23.5161
23.4759
23.4357
23.3955
23.3553
23.315
23.2748
23.2346
23.1944
23.1542
23.114
23.0738
23.0335
22.9933
22.9531
22.9129
22.8727
22.8325
22.7922
22.752
22.7118
22.6716
22.6314
22.5911
22.5509
22.5107
22.4705
22.4302
22.39
22.3498
22.3096
22.2694
22.2291
22.1889
22.1487
22.1084
22.0682
22.028
21.9878
21.9475
21.9073
21.8671
21.8268
21.7866
21.7464
21.7062
21.6659
21.6257
21.5855
21.5452
21.505
21.4648
21.4245
21.3843
21.3441
21.3038
21.2636
21.2233
21.1831
21.1429
21.1026
21.0624
21.0222
20.9819
20.9417
20.9014
20.8612
20.821
20.7807
20.7405
20.7002
20.66
20.6197
20.5795
20.5393
20.499
20.4588
20.4185
20.3783
20.338
20.2978
20.2575
20.2173
20.177
20.1368
20.0965
20.0563
20.016
19.9758
19.9355
19.8953
19.855
19.8148
19.7745
19.7343
19.694
19.6538
19.6135
19.5732
19.533
19.4927
19.4525
19.4122
19.372
19.3317
19.2914
19.2512
19.2109
19.1707
19.1304
19.0901
19.0499
19.0096
18.9694
18.9291
18.8888
18.8486
18.8083
18.768
18.7278
18.6875
18.6472
18.607
18.5667
18.5264
18.4862
18.4459
18.4056
18.3654
18.3251
18.2848
18.2446
18.2043
18.164
18.1237
18.0835
18.0432
18.0029
17.9626
17.9224
17.8821
17.8418
17.8015
17.7613
17.721
17.6807
17.6404
17.6002
17.5599
17.5196
17.4793
17.439
17.3988
17.3585
17.3182
17.2779
17.2376
17.1974
17.1571
17.1168
17.0765
17.0362
16.9959
16.9557
16.9154
16.8751
16.8348
16.7945
16.7542
16.7139
16.6737
16.6334
16.5931
16.5528
16.5125
16.4722
16.4319
16.3916
16.3513
16.311
16.2707
16.2305
16.1902
16.1499
16.1096
16.0693
16.029
15.9887
15.9484
15.9081
15.8678
15.8275
15.7872
15.7469
15.7066
15.6663
15.626
15.5857
15.5454
15.5051
15.4648
15.4245
15.3842
15.3439
15.3036
15.2633
15.223
15.1827
15.1424
15.1021
15.0618
15.0215
14.9812
14.9408
14.9005
14.8602
14.8199
14.7796
14.7393
14.699
14.6587
14.6184
14.5781
14.5377
14.4974
14.4571
14.4168
14.3765
14.3362
14.2959
14.2556
14.2152
14.1749
14.1346
14.0943
14.054
14.0137
13.9733
13.933
13.8927
13.8524
13.8121
13.7717
13.7314
13.6911
13.6508
13.6105
13.5701
13.5298
13.4895
13.4492
13.4088
13.3685
13.3282
13.2879
13.2475
13.2072
13.1669
13.1266
13.0862
13.0459
13.0056
12.9653
12.9249
12.8846
12.8443
12.8039
12.7636
12.7233
12.6829
12.6426
12.6023
12.5619
12.5216
12.4813
12.4409
12.4006
12.3603
12.3199
12.2796
12.2393
12.1989
12.1586
12.1183
12.0779
12.0376
11.9972
11.9569
11.9166
11.8762
11.8359
11.7955
11.7552
11.7149
11.6745
11.6342
11.5938
11.5535
11.5131
11.4728
11.4324
11.3921
11.3518
11.3114
11.2711
11.2307
11.1904
11.15
11.1097
11.0693
11.029
10.9886
10.9483
10.9079
10.8676
10.8272
10.7869
10.7465
10.7062
10.6658
10.6255
10.5851
10.5447
10.5044
10.464
10.4237
10.3833
10.343
10.3026
10.2623
10.2219
10.1815
10.1412
10.1008
10.0605
10.0201
9.9797
9.9394
9.899
9.8587
9.8183
9.7779
9.7376
9.6972
9.6568
9.6165
9.5761
9.5357
9.4954
9.455
9.4146
9.3743
9.3339
9.2935
9.2532
9.2128
9.1724
9.1321
9.0917
9.0513
9.011
8.9706
8.9302
8.8898
8.8495
8.8091
8.7687
8.7284
8.688
8.6476
8.6072
8.5669
8.5265
8.4861
8.4457
8.4053
8.365
8.3246
8.2842
8.2438
8.2035
8.1631
8.1227
8.0823
8.0419
8.0016
7.9612
7.9208
7.9122
