EXAMPLE of simulated thrust over time. These numbers are from the current version of motormathmodel_v3.py.
All values are in newtons and are iterated for every 0.01 seconds of flight for the duration of the motor burn.
This file is ~1400 lines long. Don't scroll to the end, it'll be a waste of your time.
7000.10643851872
7000.301703089481
7000.361393029892
7000.421065665068
7000.480721006151
7000.540359064263
7000.59997985052
7000.659583376025
7000.719169651871
7000.7787386891405
7000.838290498902
7000.8978250922155
7000.95734248013
7001.01684267368
7001.076325683896
7001.135791521792
7001.195240198373
7001.254671724631
7001.314086111549
7001.3734833701
7001.432863511244
7001.492226545933
7001.551572485103
7001.610901339685
7001.670213120594
7001.729507838741
7001.788785505018
7001.84804613031
7001.907289725494
7001.966516301432
7002.025725868978
7002.084918438975
7002.144094022251
7002.20325262963
7002.262394271921
7002.321518959924
7002.380626704426
7002.439717516208
7002.498791406035
7002.557848384665
7002.616888462846
7002.675911651311
7002.734917960786
7002.793907401986
7002.852879985617
7002.911835722368
7002.970774622927
7003.029696697964
7003.08860195814
7003.14749041411
7003.206362076512
7003.26521695598
7003.324055063131
7003.3828764085765
7003.441681002918
7003.500468856741
7003.5592399806255
7003.61799438514
7003.676732080844
7003.735453078284
7003.794157387997
7003.85284502051
7003.911515986342
7003.970170295998
7004.028807959975
7004.087428988756
7004.146033392821
7004.204621182634
7004.2631923686495
7004.321746961314
7004.380284971062
7004.438806408319
7004.497311283498
7004.555799607006
7004.614271389235
7004.6727266405705
7004.731165371386
7004.789587592048
7004.847993312907
7004.906382544311
7004.96475529659
7005.023111580072
7005.081451405067
7005.139774781881
7005.198081720808
7005.256372232131
7005.3146463261255
7005.372904013054
7005.4311453031705
7005.489370206721
7005.547578733938
7005.605770895046
7005.663946700259
7005.722106159784
7005.780249283813
7005.838376082531
7005.896486566115
7005.954580744728
7006.012658628528
7006.070720227659
7006.1287655522565
7006.186794612448
7006.244807418347
7006.302803980061
7006.36078430769
7006.418748411316
7006.47669630102
7006.534627986869
7006.59254347892
7006.650442787222
7006.7083259218125
7006.766192892723
7006.82404370997
7006.881878383566
7006.939696923508
7006.997499339788
7007.055285642387
7007.113055841279
7007.1708099464195
7007.2285479677685
7007.286269915263
7007.343975798838
7007.401665628417
7007.459339413914
7007.516997165236
7007.574638892274
7007.632264604918
7007.689874313041
7007.747468026513
7007.80504575519
7007.86260750892
7007.920153297541
7007.977683130884
7008.035197018766
7008.092694971
7008.150176997387
7008.2076431077185
7008.2650933117775
7008.322527619337
7008.37994604016
7008.437348584002
7008.494735260609
7008.5521060797155
7008.609461051048
7008.666800184325
7008.724123489256
7008.78143097554
7008.838722652865
7008.895998530913
7008.953258619355
7009.010502927854
7009.067731466063
7009.124944243626
7009.182141270177
7009.239322555343
7009.296488108741
7009.353637939978
7009.410772058653
7009.467890474353
7009.524993196663
7009.582080235149
7009.639151599376
7009.696207298899
7009.75324734326
7009.810271741993
7009.867280504626
7009.924273640677
7009.981251159652
7010.038213071052
7010.0951593843665
7010.152090109078
7010.209005254656
7010.265904830569
7010.322788846266
7010.379657311198
7010.436510234798
7010.493347626495
7010.550169495709
7010.606975851851
7010.66376670432
7010.720542062509
7010.777301935804
7010.834046333577
7010.890775265198
7010.94748874002
7011.004186767396
7011.060869356664
7011.117536517152
7011.174188258188
7011.230824589082
7011.287445519141
7011.344051057659
7011.400641213925
7011.457215997219
7011.51377541681
7011.570319481957
7011.626848201918
7011.683361585933
7011.73985964324
7011.796342383065
7011.852809814627
7011.909261947136
7011.965698789793
7012.02212035179
7012.078526642311
7012.1349176705335
7012.191293445622
7012.247653976736
7012.303999273026
7012.360329343633
7012.41664419769
7012.472943844322
7012.529228292645
7012.585497551765
7012.641751630783
7012.697990538787
7012.754214284862
7012.81042287808
7012.86661632751
7012.922794642204
7012.978957831211
7013.035105903575
7013.091238868324
7013.147356734486
7013.203459511069
7013.259547207088
7013.3156198315355
7013.371677393403
7013.427719901673
7013.483747365319
7013.539759793307
7013.595757194593
7013.651739578125
7013.707706952844
7013.763659327682
7013.819596711564
7013.875519113406
7013.931426542114
7013.987319006587
7014.043196515717
7014.099059078389
7014.154906703474
7014.21073939984
7014.266557176346
7014.322360041842
7014.37814800517
7014.433921075166
7014.489679260653
7014.54542257045
7014.601151013368
7014.656864598205
7014.712563333757
7014.768247228812
7014.823916292144
7014.879570532522
7014.9352099587095
7014.990834579459
7015.046444403517
7015.102039439619
7015.157619696495
7015.213185182867
7015.268735907449
7015.324271878943
7015.379793106051
7015.43529959746
7015.490791361852
7015.5462684079
7015.601730744272
7015.657178379624
7015.712611322606
7015.768029581859
7015.8234331660215
7015.878822083715
7015.934196343561
7015.989555954168
7016.044900924143
7016.100231262074
7016.155546976555
7016.210848076162
7016.266134569467
7016.321406465033
7016.376663771418
7016.431906497169
7016.487134650825
7016.542348240921
7016.597547275982
7016.652731764524
7016.707901715057
7016.763057136082
7016.818198036096
7016.873324423582
7016.928436307021
7016.983533694882
7017.038616595631
7017.093685017721
7017.148738969603
7017.203778459714
7017.258803496489
7017.313814088353
7017.368810243725
7017.423791971013
7017.47875927862
7017.53371217494
7017.588650668361
7017.643574767264
7017.698484480018
7017.753379814991
7017.808260780539
7017.863127385011
7017.917979636748
7017.972817544086
7018.027641115353
7018.082450358866
7018.137245282939
7018.192025895875
7018.246792205973
7018.301544221523
7018.356281950803
7018.411005402093
7018.465714583658
7018.520409503758
7018.575090170644
7018.629756592564
7018.684408777756
7018.739046734448
7018.793670470863
7018.848279995218
7018.902875315722
7018.957456440574
7019.012023377969
7019.066576136092
7019.121114723123
7019.1756391472345
7019.230149416589
7019.284645539344
7019.33912752365
7019.393595377649
7019.448049109477
7019.502488727261
7019.556914239122
7019.6113256531735
7019.665722977523
7019.7201062202685
7019.7744753895
7019.828830493306
7019.883171539761
7019.937498536938
7019.991811492895
7020.046110415694
7020.1003953133795
7020.154666193996
7020.2089230655765
7020.263165936147
7020.31739481373
7020.371609706337
7020.425810621975
7020.479997568643
7020.534170554332
7020.588329587027
7020.642474674706
7020.69660582534
7020.75072304689
7020.804826347315
7020.858915734562
7020.912991216576
7020.967052801293
7021.021100496639
7021.075134310535
7021.129154250896
7021.18316032563
7021.237152542639
7021.291130909812
7021.345095435038
7021.3990461261965
7021.452982991161
7021.506906037795
7021.560815273958
7021.614710707501
7021.668592346271
7021.722460198104
7021.776314270831
7021.830154572278
7021.88398111026
7021.937793892588
7021.991592927065
7022.04537822149
7022.099149783649
7022.152907621329
7022.206651742303
7022.260382154342
7022.314098865206
7022.367801882653
7022.421491214433
7022.475166868286
7022.528828851946
7022.582477173145
7022.636111839603
7022.689732859033
7022.743340239146
7022.796933987642
7022.850514112217
7022.9040806205585
7022.957633520346
7023.011172819257
7023.064698524959
7023.11821064511
7023.171709187367
7023.225194159379
7023.278665568782
7023.332123423216
7023.385567730307
7023.438998497676
7023.492415732937
7023.545819443699
7023.599209637561
7023.652586322121
7023.705949504963
7023.759299193672
7023.812635395821
7023.8659581189795
7023.9192673707075
7023.972563158561
7024.025845490089
7024.079114372832
7024.132369814326
7024.1856118221
7024.238840403677
7024.292055566572
7024.345257318295
7024.3984456663475
7024.451620618227
7024.504782181424
7024.55793036342
7024.611065171692
7024.6641866137115
7024.717294696941
7024.770389428839
7024.823470816856
7024.876538868438
7024.9295935910195
7024.982634992036
7025.035663078912
7025.088677859064
7025.141679339906
7025.194667528844
7025.247642433278
7025.3006040606015
7025.3535524182
7025.4064875134545
7025.45940935374
7025.512317946424
7025.565213298869
7025.618095418427
7025.6709643124495
7025.7238199882795
7025.77666245325
7025.829491714692
7025.8823077799325
7025.935110656285
7025.987900351061
7026.040676871567
7026.093440225099
7026.14619041895
7026.1989274604075
7026.251651356751
7026.304362115251
7026.357059743176
7026.409744247789
7026.4624156363425
7026.515073916086
7026.5677190942615
7026.620351178105
7026.672970174846
7026.7255760917105
7026.778168935914
7026.8307487146685
7026.883315435178
7026.935869104644
7026.988409730256
7027.040937319204
7027.093451878667
7027.145953415821
7027.198441937834
7027.250917451867
7027.303379965075
7027.355829484613
7027.40826601762
7027.460689571236
7027.513100152593
7027.565497768817
7027.617882427028
7027.670254134338
7027.722612897855
7027.774958724682
7027.827291621912
7027.879611596637
7027.93191865594
7027.984212806896
7028.036494056578
7028.088762412054
7028.141017880379
7028.193260468611
7028.245490183794
7028.29770703297
7028.349911023176
7028.402102161439
7028.4542804547855
7028.506445910231
7028.558598534791
7028.6107383354665
7028.662865319258
7028.714979493164
7028.767080864168
7028.819169439253
7028.871245225396
7028.923308229566
7028.975358458731
7029.027395919845
7029.079420619863
7029.131432565732
7029.183431764394
7029.23541822278
7029.287391947826
7029.339352946449
7029.391301225569
7029.443236792097
7029.495159652943
7029.547069815001
7029.59896728517
7029.6508520703355
7029.702724177384
7029.7545836131885
7029.806430384621
7029.85826449855
7029.910085961832
7029.961894781322
7030.013690963868
7030.065474516312
7030.117245445491
7030.169003758237
7030.220749461373
7030.272482561721
7030.324203066093
7030.375910981297
7030.427606314136
7030.479289071406
7030.530959259899
7030.5826168864005
7030.634261957688
7030.685894480539
7030.737514461719
7030.78912190799
7030.840716826111
7030.892299222833
7030.943869104901
7030.995426479055
7031.0469713520315
7031.098503730556
7031.150023621354
7031.201531031143
7031.253025966634
7031.304508434534
7031.355978441545
7031.40743599436
7031.45888109967
7031.510313764159
7031.561733994506
7031.613141797384
7031.6645371794575
7031.715920147393
7031.767290707845
7031.818648867463
7031.8699946328925
7031.921328010777
7031.972649007746
7032.023957630433
7032.075253885456
7032.126537779436
7032.177809318985
7032.22906851071
7032.280315361211
7032.331549877087
7032.382772064925
7032.433981931312
7032.4851794828255
7032.536364726042
7032.587537667531
7032.638698313852
7032.689846671564
7032.740982747222
7032.792106547369
7032.843218078549
7032.894317347299
7032.945404360147
7032.996479123621
7033.0475416442405
7033.0985919285185
7033.149629982965
7033.200655814085
7033.251669428377
7033.302670832331
7033.353660032439
7033.404637035181
7033.455601847035
7033.506554474473
7033.557494923961
7033.608423201959
7033.659339314926
7033.710243269311
7033.761135071558
7033.812014728108
7033.862882245396
7033.913737629852
7033.964580887898
7034.015412025955
7034.066231050435
7034.117037967748
7034.167832784295
7034.2186155064755
7034.2693861406815
7034.320144693301
7034.370891170715
7034.4216255793035
7034.4723479254335
7034.523058215474
7034.573756455786
7034.6244426527255
7034.675116812643
7034.725778941886
7034.776429046793
7034.8270671336995
7034.877693208938
7034.92830727883
7034.978909349697
7035.029499427854
7035.080077519611
7035.130643631271
7035.181197769134
7035.231739939495
7035.282270148642
7035.332788402858
7035.383294708423
7035.433789071611
7035.48427149869
7035.534741995923
7035.585200569567
7035.63564722588
7035.686081971106
7035.73650481149
7035.786915753268
7035.837314802676
7035.887701965939
7035.938077249281
7035.988440658922
7036.038792201072
7036.08913188194
7036.139459707729
7036.189775684635
7036.240079818851
7036.290372116567
7036.340652583963
7036.390921227218
7036.441178052504
7036.49142306599
7036.541656273836
7036.591877682203
7036.642087297243
7036.692285125102
7036.742471171923
7036.792645443845
7036.8428079469995
7036.8929586875165
7036.9430976715175
7036.993224905122
7037.04334039444
7037.093444145581
7037.143536164651
7037.1936164577455
7037.243685030959
7037.293741890379
7037.34378704209
7037.393820492171
7037.443842246696
7037.493852311732
7037.543850693343
7037.593837397593
7037.6438124305305
7037.69377579821
7037.743727506671
7037.793667561957
7037.843595970103
7037.893512737136
7037.943417869083
7037.993311371964
7038.043193251799
7038.093063514591
7038.14292216635
7038.1927692130785
7038.242604660771
7038.292428515418
7038.3422407830085
7038.392041469523
7038.4418305809395
7038.4916081232295
7038.541374102361
7038.591128524298
7038.640871394997
7038.690602720412
7038.740322506491
7038.790030759179
7038.839727484414
7038.88941268813
7038.939086376258
7038.988748554721
7039.038399229441
7039.088038406331
7039.1376660913065
7039.187282290269
7039.23688700912
7039.286480253759
7039.336062030076
7039.385632343959
7039.435191201289
7039.4847386079455
7039.534274569801
7039.583799092724
7039.633312182578
7039.682813845224
7039.732304086515
7039.7817829123
7039.831250328427
7039.880706340734
7039.93015095506
7039.979584177232
7040.02900601308
7040.078416468426
7040.127815549088
7040.177203260876
7040.226579609603
7040.275944601067
7040.325298241071
7040.3746405354095
7040.42397148987
7040.47329111024
7040.5225994023
7040.571896371826
7040.62118202459
7040.670456366359
7040.719719402895
7040.768971139955
7040.818211583296
7040.867440738664
7040.9166586118035
7040.965865208456
7041.015060534356
7041.0642445952335
7041.113417396817
7041.162578944825
7041.2117292449775
7041.260868302987
7041.30999612456
7041.359112715404
7041.408218081214
7041.457312227687
7041.506395160513
7041.555466885379
7041.604527407964
7041.653576733949
7041.702614869002
7041.751641818794
7041.800657588987
7041.849662185241
7041.89865561321
7041.947637878547
7041.996608986893
7042.045568943894
7042.094517755186
7042.143455426399
7042.192381963165
7042.241297371104
7042.290201655839
7042.339094822982
7042.387976878145
7042.436847826934
7042.485707674952
7042.534556427796
7042.583394091057
7042.632220670324
7042.681036171187
7042.729840599218
7042.778633959997
7042.827416259095
7042.876187502079
7042.924947694511
7042.973696841949
7043.022434949948
7043.071162024056
7043.11987806982
7043.16858309278
7043.2172770984735
7043.265960092433
7043.314632080184
7043.363293067254
7043.411943059158
7043.460582061416
7043.509210079536
7043.557827119026
7043.606433185387
7043.655028284117
7043.703612420712
7043.752185600658
7043.800747829443
7043.849299112549
7043.897839455448
7043.946368863618
7043.994887342525
7044.043394897631
7044.091891534398
7044.140377258282
7044.1888520747325
7044.237315989198
7044.285769007122
7044.3342111339425
7044.3826423750925
7044.431062736005
7044.479472222104
7044.527870838811
7044.576258591546
7044.624635485723
7044.673001526749
7044.72135672003
7044.769701070965
7044.818034584954
7044.8663572673895
7044.914669123658
7044.962970159147
7045.011260379232
7045.059539789294
7045.107808394703
7045.156066200824
7045.204313213026
7045.252549436664
7045.300774877096
7045.348989539672
7045.397193429741
7045.445386552644
7045.49356891372
7045.541740518305
7045.58990137173
7045.638051479322
7045.686190846402
7045.734319478288
7045.782437380298
7045.830544557739
7045.878641015918
7045.926726760139
7045.974801795697
7046.022866127888
7046.0709197620035
7046.118962703326
7046.1669949571415
7046.215016528725
7046.263027423352
7046.3110276462885
7046.359017202805
7046.406996098162
7046.454964337615
7046.502921926422
7046.55086886983
7046.598805173084
7046.646730841427
7046.694645880095
7046.742550294325
7046.790444089344
7046.838327270379
7046.886199842652
7046.934061811379
7046.981913181776
7047.029753959051
7047.077584148411
7047.125403755057
7047.173212784187
7047.221011240997
7047.268799130674
7047.3165764584055
7047.364343229375
7047.412099448758
7047.45984512173
7047.507580253463
7047.55530484912
7047.603018913868
7047.6507224528605
7047.698415471255
7047.746097974202
7047.793769966847
7047.841431454337
7047.889082441806
7047.936722934391
7047.984352937224
7048.031972455432
7048.0795814941375
7048.127180058462
7048.17476815352
7048.222345784424
7048.269912956279
7048.317469674193
7048.365015943265
7048.412551768592
7048.460077155265
7048.507592108373
7048.555096633001
7048.602590734232
7048.650074417141
7048.697547686801
7048.745010548283
7048.792463006652
7048.8399050669705
7048.887336734296
7048.934758013682
7048.982168910181
7049.029569428838
7049.076959574696
7049.124339352796
7049.17170876817
7049.219067825852
7049.266416530869
7049.313754888243
7049.361082902997
7049.408400580146
7049.455707924703
7049.503004941677
7049.550291636072
7049.5975680128895
7049.644834077128
7049.692089833782
7049.739335287839
7049.786570444287
7049.833795308107
7049.8810098842805
7049.92821417778
7049.97540819358
7050.022591936644
7050.0697654119385
7050.116928624424
7050.164081579056
7050.211224280788
7050.258356734569
7050.305478945344
7050.352590918053
7050.399692657638
7050.446784169029
7050.493865457161
7050.540936526957
7050.587997383343
7050.635048031237
7050.682088475554
7050.7291187212095
7050.776138773109
7050.823148636158
7050.870148315261
7050.9171378153105
7050.964117141205
7051.011086297832
7051.058045290078
7051.104994122828
7051.15193280096
7051.198861329351
7051.245779712871
7051.292687956391
7051.339586064774
7051.3864740428835
7051.433351895574
7051.480219627701
7051.527077244117
7051.573924749667
7051.620762149193
7051.6675894475375
7051.714406649534
7051.761213760015
7051.808010783813
7051.85479772575
7051.901574590648
7051.948341383326
7051.995098108598
7052.041844771276
7052.088581376167
7052.135307928075
7052.1820244318
7052.2287308921395
7052.275427313884
7052.322113701828
7052.368790060753
7052.415456395446
7052.462112710683
7052.508759011241
7052.555395301891
7052.602021587402
7052.6486378725385
7052.695244162064
7052.741840460734
7052.788426773306
7052.8350031045275
7052.881569459148
7052.9281258419105
7052.9746722575555
7053.021208710823
7053.067735206441
7053.1142517491435
7053.160758343656
7053.207254994702
7053.253741707001
7053.300218485268
7053.346685334217
7053.393142258556
7053.43958926299
7053.486026352225
7053.5324535309555
7053.57887080388
7053.625278175688
7053.671675651071
7053.718063234711
7053.764440931291
7053.810808745488
7053.857166681978
7053.903514745433
7053.94985294052
7053.996181271902
7054.042499744242
7054.088808362197
7054.135107130421
7054.181396053564
7054.227675136277
7054.273944383199
7054.320203798974
7054.366453388238
7054.412693155626
7054.458923105766
7054.505143243289
7054.551353572816
7054.597554098967
7054.64374482636
7054.689925759608
7054.736096903322
7054.782258262107
7054.828409840568
7054.874551643306
7054.920683674917
7054.966805939994
7055.012918443127
7055.059021188904
7055.105114181906
7055.151197426715
7055.197270927908
7055.243334690056
7055.2893887177315
7055.3354330155025
7055.381467587929
7055.427492439572
7055.4735075749895
7055.519512998735
7055.565508715359
7055.611494729406
7055.6574710454215
7055.703437667946
7055.7493946015165
7055.795341850664
7055.841279419924
7055.887207313819
7055.933125536875
7055.979034093613
7056.024932988549
7056.070822226198
7056.11670181107
7056.1625717476745
7056.208432040514
7056.254282694088
7056.3001237128965
7056.345955101434
7056.391776864191
7056.437589005656
7056.483391530313
7056.529184442644
7056.574967747128
7056.620741448239
7056.66650555045
7056.712260058227
7056.758004976038
7056.803740308345
7056.849466059605
7056.895182234277
7056.94088883681
7056.986585871655
7057.032273343257
7057.077951256061
7057.123619614505
7057.169278423025
7057.214927686057
7057.26056740803
7057.306197593369
7057.351818246499
7057.397429371841
7057.443030973812
7057.488623056827
7057.534205625296
7057.579778683627
7057.625342236227
7057.6708962874945
7057.7164408418275
7057.761975903625
7057.807501477276
7057.85301756717
7057.8985241776945
7057.944021313229
7057.989508978157
7058.034987176852
7058.080455913688
7058.125915193034
7058.1713650192605
7058.216805396728
7058.262236329798
7058.307657822829
7058.353069880174
7058.398472506187
7058.443865705214
7058.489249481601
7058.534623839691
7058.579988783821
7058.625344318329
7058.670690447545
7058.716027175801
7058.761354507425
7058.806672446736
7058.851980998058
7058.897280165708
7058.942569954001
7058.987850367245
7059.0331214097505
7059.078383085824
7059.123635399763
7059.168878355872
7059.214111958442
7059.2593362117705
7059.304551120143
7059.34975668785
7059.3949529191705
7059.44013981839
7059.485317389784
7059.530485637627
7059.57564456619
7059.620794179743
7059.665934482552
7059.711065478876
7059.756187172978
7059.801299569113
7059.846402671535
7059.891496484493
7059.936581012235
7059.981656259008
7060.026722229048
7060.071778926598
7060.116826355891
7060.161864521159
7060.206893426636
7060.251913076542
7060.296923475104
7060.341924626541
7060.3869165350725
7060.43189920491
7060.476872640267
7060.5218368453525
7060.56679182437
7060.611737581522
7060.656674121011
7060.701601447031
7060.746519563776
7060.791428475437
7060.836328186203
7060.881218700257
7060.92610002178
7060.970972154954
7061.015835103954
7061.06068887295
7061.105533466116
7061.150368887617
7061.195195141619
7061.240012232281
7061.284820163762
7061.329618940217
7061.374408565803
7061.419189044662
7061.463960380947
7061.508722578798
7061.5534756423585
7061.598219575764
7061.642954383152
7061.687680068653
7061.732396636396
7061.777104090509
7061.8218024351145
7061.866491674332
7061.911171812281
7061.955842853075
7062.000504800828
7062.045157659645
7062.089801433637
7062.134436126902
7062.179061743545
7062.2236782876635
7062.268285763348
7062.312884174694
7062.357473525788
7062.402053820719
7062.446625063567
7062.491187258414
7062.53574040934
7062.580284520416
7062.624819595714
7062.669345639305
7062.713862655254
7062.758370647625
7062.802869620478
7062.8473595778705
7062.891840523857
7062.936312462491
7062.98077539782
7063.025229333893
7063.06967427475
7063.114110224433
7063.158537186981
7063.202955166428
7063.247364166808
7063.291764192149
7063.3361552464785
7063.380537333818
7063.424910458191
7063.469274623616
7063.5136298341085
7063.55797609368
7063.602313406339
7063.646641776098
7063.690961206957
7063.735271702917
7063.779573267981
7063.823865906139
7063.86814962139
7063.912424417725
7063.956690299125
7064.000947269581
7064.045195333073
7064.089434493581
7064.1336647550825
7064.177886121549
7064.222098596953
7064.266302185264
7064.310496890448
7064.354682716465
7064.398859667279
7064.443027746845
7064.487186959117
7064.53133730805
7064.575478797593
7064.619611431689
7064.663735214285
7064.7078501493215
7064.751956240739
7064.79605349247
7064.840141908447
7064.884221492603
7064.928292248863
7064.9723541811545
7065.0164072933985
7065.060451589515
7065.10448707342
7065.148513749027
7065.19253162025
7065.236540690994
7065.280540965166
7065.324532446673
7065.368515139411
7065.41248904728
7065.456454174175
7065.5004105239905
7065.544358100612
7065.588296907929
7065.63222694983
7065.67614823019
7065.720060752892
7065.763964521812
7065.807859540826
7065.851745813801
7065.895623344609
7065.939492137117
7065.983352195183
7066.027203522673
7066.071046123443
7066.114880001347
7066.15870516024
7066.202521603971
7066.246329336388
7066.2901283613355
7066.333918682657
7066.377700304189
7066.421473229771
7066.465237463238
7066.508993008418
7066.552739869145
7066.596478049242
7066.640207552535
7066.683928382842
7066.727640543986
7066.771344039781
7066.815038874039
7066.8587250505725
7066.902402573191
7066.946071445698
7066.989731671897
7067.033383255588
7067.077026200571
7067.12066051064
7067.164286189588
7067.207903241205
7067.251511669278
7067.295111477592
7067.338702669931
7067.382285250072
7067.425859221795
7067.469424588875
7067.512981355081
7067.556529524185
7067.600069099954
7067.643600086151
7067.68712248654
7067.730636304878
7067.774141544924
7067.817638210432
7067.8611263051525
7067.904605832834
7067.9480767972245
7067.991539202069
7068.034993051109
7068.07843834808
7068.121875096724
7068.165303300768
7068.20872296395
7068.2521340899975
7068.295536682634
7068.3389307455855
7068.382316282572
7068.425693297314
7068.4690617935275
7068.512421774926
7068.55577324522
7068.599116208119
7068.64245066733
7068.685776626555
7068.729094089498
7068.772403059855
7068.815703541323
7068.858995537597
7068.902279052369
7068.945554089325
7068.988820652153
7069.032078744537
7069.075328370158
7069.118569532695
7069.161802235824
7069.205026483219
0
